frame,L0_x,L0_y,L0_z,L0_visibility,L1_x,L1_y,L1_z,L1_visibility,L2_x,L2_y,L2_z,L2_visibility,L3_x,L3_y,L3_z,L3_visibility,L4_x,L4_y,L4_z,L4_visibility,L5_x,L5_y,L5_z,L5_visibility,L6_x,L6_y,L6_z,L6_visibility,L7_x,L7_y,L7_z,L7_visibility,L8_x,L8_y,L8_z,L8_visibility,L9_x,L9_y,L9_z,L9_visibility,L10_x,L10_y,L10_z,L10_visibility,L11_x,L11_y,L11_z,L11_visibility,L12_x,L12_y,L12_z,L12_visibility,L13_x,L13_y,L13_z,L13_visibility,L14_x,L14_y,L14_z,L14_visibility,L15_x,L15_y,L15_z,L15_visibility,L16_x,L16_y,L16_z,L16_visibility,L17_x,L17_y,L17_z,L17_visibility,L18_x,L18_y,L18_z,L18_visibility,L19_x,L19_y,L19_z,L19_visibility,L20_x,L20_y,L20_z,L20_visibility,L21_x,L21_y,L21_z,L21_visibility,L22_x,L22_y,L22_z,L22_visibility,L23_x,L23_y,L23_z,L23_visibility,L24_x,L24_y,L24_z,L24_visibility,L25_x,L25_y,L25_z,L25_visibility,L26_x,L26_y,L26_z,L26_visibility,L27_x,L27_y,L27_z,L27_visibility,L28_x,L28_y,L28_z,L28_visibility,L29_x,L29_y,L29_z,L29_visibility,L30_x,L30_y,L30_z,L30_visibility,L31_x,L31_y,L31_z,L31_visibility,L32_x,L32_y,L32_z,L32_visibility
1,0.4910227358341217,0.09313204884529114,-0.6271529793739319,0.9998599290847778,0.49671563506126404,0.08541722595691681,-0.6199101805686951,0.9995150566101074,0.5012561678886414,0.08455011248588562,-0.6199232339859009,0.9995119571685791,0.5051274299621582,0.08370299637317657,-0.6200145483016968,0.9995019435882568,0.48360177874565125,0.08667205274105072,-0.6160199642181396,0.9994351267814636,0.47914862632751465,0.08667804300785065,-0.616116464138031,0.9993477463722229,0.47452512383461,0.08660834282636642,-0.6161751747131348,0.9992920160293579,0.5108417272567749,0.08323504030704498,-0.47337156534194946,0.9993742108345032,0.46963468194007874,0.08620545268058777,-0.4549054205417633,0.999076247215271,0.5008108019828796,0.09813404083251953,-0.5634233355522156,0.9998836517333984,0.4845649302005768,0.09960326552391052,-0.5584459900856018,0.9998482465744019,0.5597913265228271,0.11932975798845291,-0.30548346042633057,0.9999754428863525,0.4317850172519684,0.1159593015909195,-0.28937575221061707,0.9999637603759766,0.5715544819831848,0.16850465536117554,-0.193232461810112,0.9855555295944214,0.41216960549354553,0.1615327149629593,-0.18262979388237,0.9751538634300232,0.5629477500915527,0.21162383258342743,-0.2878527045249939,0.9416201710700989,0.40290534496307373,0.19816260039806366,-0.28386685252189636,0.9258368611335754,0.5642485618591309,0.22750583291053772,-0.3191826343536377,0.8824220299720764,0.3996216356754303,0.21165964007377625,-0.31569087505340576,0.8703550100326538,0.5560436844825745,0.22658361494541168,-0.36695748567581177,0.8895766139030457,0.40494200587272644,0.21045249700546265,-0.36608728766441345,0.8783659934997559,0.552216649055481,0.22107519209384918,-0.30641844868659973,0.8673983812332153,0.40835660696029663,0.206370010972023,-0.30522820353507996,0.8567894697189331,0.5244079232215881,0.2163955420255661,0.004409737419337034,0.9990566372871399,0.45572319626808167,0.21664682030677795,-0.0043984404765069485,0.99868243932724,0.5170852541923523,0.29062947630882263,-0.021955126896500587,0.9625597596168518,0.46872755885124207,0.2900913655757904,-0.010391123592853546,0.9703753590583801,0.5075482726097107,0.36010420322418213,0.21241626143455505,0.9577445983886719,0.47861626744270325,0.3572736382484436,0.23025940358638763,0.9550251960754395,0.5009141564369202,0.36830073595046997,0.22558194398880005,0.8047124147415161,0.4795849323272705,0.3663000464439392,0.2445557713508606,0.7561988830566406,0.5192711353302002,0.38435080647468567,0.04615591838955879,0.9461341500282288,0.47335341572761536,0.3809700906276703,0.06484270095825195,0.9425258040428162
2,0.4909645915031433,0.09319008886814117,-0.6430054306983948,0.9998720288276672,0.4965251684188843,0.08541803807020187,-0.6331890821456909,0.9995578527450562,0.5010585188865662,0.08455005288124084,-0.6331756114959717,0.9995556473731995,0.5051008462905884,0.08368267118930817,-0.6332261562347412,0.999544620513916,0.4832291901111603,0.08667624741792679,-0.6305292248725891,0.9994848966598511,0.47855642437934875,0.08669015765190125,-0.6306468844413757,0.9994064569473267,0.4743254482746124,0.08664317429065704,-0.6306513547897339,0.9993553161621094,0.5108747482299805,0.08290700614452362,-0.4747186601161957,0.9994300603866577,0.4695427119731903,0.08623357117176056,-0.46128103137016296,0.9991631507873535,0.5008808374404907,0.09816735237836838,-0.5745844841003418,0.9998931884765625,0.48446428775787354,0.09984562546014786,-0.5712521076202393,0.9998605847358704,0.5598822236061096,0.11932072043418884,-0.2929230034351349,0.9999767541885376,0.4318578839302063,0.11563413590192795,-0.27837178111076355,0.9999658465385437,0.571661114692688,0.168629989027977,-0.1393299251794815,0.9860835671424866,0.41163602471351624,0.16143985092639923,-0.08030804246664047,0.9759035110473633,0.5631188750267029,0.21074731647968292,-0.20425646007061005,0.9437844157218933,0.40180790424346924,0.1986161172389984,-0.07956123352050781,0.9295483827590942,0.5646103024482727,0.22605843842029572,-0.22209763526916504,0.8849186301231384,0.3984234929084778,0.21313604712486267,-0.08830612152814865,0.8756685853004456,0.5572309494018555,0.22496022284030914,-0.2759338617324829,0.8919698596000671,0.4041145145893097,0.21249182522296906,-0.13751299679279327,0.8832801580429077,0.5533729195594788,0.2198200821876526,-0.2242867350578308,0.8698605298995972,0.4078051745891571,0.20796385407447815,-0.0961540937423706,0.8626213073730469,0.5245080590248108,0.21610426902770996,0.0015630602138116956,0.9990310072898865,0.45570236444473267,0.21647422015666962,-0.0015189629048109055,0.9987182021141052,0.517472505569458,0.2898406386375427,-0.01756487973034382,0.963926374912262,0.4687213897705078,0.2891681492328644,-0.013058660551905632,0.9707689881324768,0.5076843500137329,0.35885676741600037,0.18833276629447937,0.958638072013855,0.4787587523460388,0.3576030731201172,0.1970222294330597,0.955660343170166,0.5014118552207947,0.3672429919242859,0.19698156416416168,0.8022556900978088,0.4796079993247986,0.36646249890327454,0.2063879370689392,0.75943922996521,0.5181061625480652,0.3812543451786041,0.015276244841516018,0.9467676281929016,0.4740174412727356,0.37941932678222656,0.023039385676383972,0.9434902667999268
3,0.49096521735191345,0.09361415356397629,-0.6553285121917725,0.9998829364776611,0.4964417517185211,0.08565331995487213,-0.6452556252479553,0.9995959997177124,0.5008948445320129,0.0848061665892601,-0.6452269554138184,0.9995945692062378,0.5050334334373474,0.08387211710214615,-0.645261824131012,0.9995821118354797,0.4831726551055908,0.08695805817842484,-0.6438157558441162,0.9995298385620117,0.4784809350967407,0.08699461817741394,-0.6439487934112549,0.9994596838951111,0.4743087887763977,0.08695212751626968,-0.6439540982246399,0.9994127750396729,0.5108610987663269,0.08290611207485199,-0.47972187399864197,0.9994787573814392,0.4695422351360321,0.08644973486661911,-0.4733670651912689,0.9992415904998779,0.5009573698043823,0.09858951717615128,-0.5843796730041504,0.9999014139175415,0.4844675064086914,0.10043197125196457,-0.5827839374542236,0.999871551990509,0.559877872467041,0.1192578449845314,-0.2872183620929718,0.9999775886535645,0.43188536167144775,0.11560224741697311,-0.2791278660297394,0.9999679327011108,0.571672797203064,0.16860386729240417,-0.12522785365581512,0.9863648414611816,0.41134771704673767,0.16141967475414276,-0.09238321334123611,0.9769414067268372,0.5630512237548828,0.20850799977779388,-0.19245855510234833,0.9447528123855591,0.40156301856040955,0.19862417876720428,-0.10101179033517838,0.9334991574287415,0.5645110011100769,0.22406573593616486,-0.21006642282009125,0.8848068714141846,0.39797088503837585,0.21337483823299408,-0.11202184110879898,0.8816229701042175,0.5573577284812927,0.2230847328901291,-0.26415786147117615,0.8919734358787537,0.40390974283218384,0.21286779642105103,-0.16118347644805908,0.8888300657272339,0.5535184144973755,0.2177082896232605,-0.21278585493564606,0.869796872138977,0.4076487720012665,0.208147794008255,-0.11767163872718811,0.8689939379692078,0.524610698223114,0.21574807167053223,0.0016384171321988106,0.998988687992096,0.4559416174888611,0.21623274683952332,-0.0015947369392961264,0.998746395111084,0.517841637134552,0.2882922291755676,-0.009022927843034267,0.9653847813606262,0.4687400460243225,0.2880450189113617,-0.014080126769840717,0.9715071320533752,0.5077165961265564,0.3573770523071289,0.19205807149410248,0.9596900343894958,0.4787599444389343,0.35761916637420654,0.19437731802463531,0.9567219018936157,0.5015282034873962,0.36544424295425415,0.20131398737430573,0.8044142723083496,0.4795242249965668,0.3664427399635315,0.20384034514427185,0.7628087401390076,0.5178093910217285,0.3801649510860443,0.02153225988149643,0.9479723572731018,0.4756859540939331,0.3787555694580078,0.020613593980669975,0.944737434387207
4,0.49086734652519226,0.09376175701618195,-0.6741564869880676,0.9998932480812073,0.49606645107269287,0.08569783717393875,-0.6631938219070435,0.9996320605278015,0.5004513263702393,0.08484319597482681,-0.6631629467010498,0.999631404876709,0.5046486854553223,0.08387923240661621,-0.66319340467453,0.9996180534362793,0.4827796220779419,0.08701474964618683,-0.6624388694763184,0.9995718002319336,0.4780571162700653,0.08705802261829376,-0.6625779271125793,0.9995092749595642,0.4740961790084839,0.0870337188243866,-0.6625725626945496,0.9994663000106812,0.5106458067893982,0.08279689401388168,-0.49464258551597595,0.9995250701904297,0.4693421721458435,0.08650736510753632,-0.49258655309677124,0.9993139505386353,0.5009366869926453,0.09869906306266785,-0.6026838421821594,0.999909520149231,0.4843292832374573,0.10068663954734802,-0.6021595001220703,0.9998822212219238,0.5598770976066589,0.11930450797080994,-0.29003825783729553,0.9999788403511047,0.43155574798583984,0.11589112877845764,-0.2932890057563782,0.9999696612358093,0.5716689229011536,0.16860371828079224,-0.13754476606845856,0.986798882484436,0.4110805094242096,0.1615307480096817,-0.08826617151498795,0.9776997566223145,0.5631070137023926,0.20844116806983948,-0.20453591644763947,0.9466473460197449,0.4014173448085785,0.1988435536623001,-0.06084265559911728,0.9368717074394226,0.5655054450035095,0.22397133708000183,-0.2211916446685791,0.886587917804718,0.3978283703327179,0.21399690210819244,-0.06495904177427292,0.8866729736328125,0.5591174364089966,0.22296838462352753,-0.2759941518306732,0.8937525153160095,0.40382108092308044,0.21340009570121765,-0.11220663040876389,0.8934792876243591,0.5546935200691223,0.2178395539522171,-0.22515198588371277,0.8718875050544739,0.4075702428817749,0.20858456194400787,-0.07551765441894531,0.8744626641273499,0.5246857404708862,0.21573525667190552,0.0017106470186263323,0.9989864826202393,0.45605021715164185,0.21632857620716095,-0.001669456367380917,0.9987917542457581,0.5184415578842163,0.287974089384079,-0.00030033846269361675,0.9672904014587402,0.4690239727497101,0.2878016531467438,-0.01400939840823412,0.9726517796516418,0.5079926252365112,0.35721173882484436,0.20438252389431,0.9615312814712524,0.4787392020225525,0.35761526226997375,0.20281435549259186,0.9585030674934387,0.5019264817237854,0.3651798367500305,0.213219553232193,0.809726357460022,0.47924065589904785,0.36625561118125916,0.21402513980865479,0.7681780457496643,0.5179339647293091,0.3803257942199707,0.03626924008131027,0.950116753578186,0.47704076766967773,0.3784988224506378,0.032102830708026886,0.9468382596969604
5,0.4903997778892517,0.09396699070930481,-0.683264434337616,0.9999018907546997,0.49544739723205566,0.08582458645105362,-0.6726221442222595,0.9996631741523743,0.49985894560813904,0.08497387915849686,-0.672595739364624,0.9996632933616638,0.5041376352310181,0.0839557871222496,-0.6726416349411011,0.9996491074562073,0.4820013642311096,0.08717584609985352,-0.6709008812904358,0.9996079802513123,0.4773227274417877,0.08721580356359482,-0.6710429191589355,0.9995522499084473,0.47361457347869873,0.08721037209033966,-0.6710444092750549,0.999512791633606,0.5103359222412109,0.08279625326395035,-0.5077563524246216,0.9995653033256531,0.4689300060272217,0.08665841072797775,-0.5003359317779541,0.9993777871131897,0.5005528926849365,0.09891018271446228,-0.6133314967155457,0.9999164938926697,0.4836563169956207,0.10106759518384933,-0.6113101243972778,0.9998912811279297,0.5598580241203308,0.12001598626375198,-0.30981290340423584,0.9999797344207764,0.43070483207702637,0.11663534492254257,-0.3027152121067047,0.9999709725379944,0.5716227889060974,0.16922436654567719,-0.14189162850379944,0.9869492650032043,0.4106012284755707,0.1622195839881897,-0.09247846156358719,0.9779766201972961,0.5631022453308105,0.20853298902511597,-0.22394205629825592,0.9466806054115295,0.40134501457214355,0.19902750849723816,-0.060457199811935425,0.938742458820343,0.5658144354820251,0.22406388819217682,-0.24313940107822418,0.8852546215057373,0.3978399932384491,0.21426068246364594,-0.06485150009393692,0.8890378475189209,0.5593886971473694,0.2230781763792038,-0.2963542342185974,0.8924564719200134,0.403823584318161,0.2135552614927292,-0.11144186556339264,0.8955647349357605,0.5548423528671265,0.2182062417268753,-0.24393533170223236,0.8702208995819092,0.40756240487098694,0.20874089002609253,-0.07500923424959183,0.877011239528656,0.5246970653533936,0.2158154547214508,0.00039758457569405437,0.9989755749702454,0.4560502767562866,0.21667081117630005,-0.00034557664184831083,0.998816728591919,0.5188036561012268,0.2879685163497925,-0.003998153377324343,0.9686608910560608,0.4690433144569397,0.28779882192611694,-0.014904615469276905,0.973227322101593,0.5081678628921509,0.35792312026023865,0.19563226401805878,0.9630616903305054,0.4786004424095154,0.35798439383506775,0.20269398391246796,0.9595650434494019,0.5021651387214661,0.36586129665374756,0.20401331782341003,0.8102937340736389,0.47922924160957336,0.36627495288848877,0.21346499025821686,0.7718417048454285,0.5178269743919373,0.3811701834201813,0.019731640815734863,0.9516204595565796,0.47696611285209656,0.37903109192848206,0.02926148846745491,0.9483332633972168
6,0.4894323945045471,0.09434814006090164,-0.6824238896369934,0.9999094009399414,0.4945014715194702,0.08614061027765274,-0.672817587852478,0.9996899962425232,0.4989965856075287,0.08532030135393143,-0.6727888584136963,0.9996908903121948,0.5032772421836853,0.08429648727178574,-0.6728306412696838,0.9996759295463562,0.48099222779273987,0.08749566972255707,-0.6703484058380127,0.9996391534805298,0.47646263241767883,0.08748917281627655,-0.6704957485198975,0.9995895028114319,0.4729612171649933,0.08746688812971115,-0.6705150604248047,0.9995532035827637,0.5099201798439026,0.08289524167776108,-0.5128077864646912,0.9995992183685303,0.4685773253440857,0.08681140094995499,-0.5022796392440796,0.9994331002235413,0.4996431767940521,0.09930972754955292,-0.6143502593040466,0.9999223947525024,0.48258140683174133,0.10150407999753952,-0.6114968657493591,0.9998993873596191,0.5597431659698486,0.12070439755916595,-0.3196617364883423,0.9999802708625793,0.4304051399230957,0.11701137572526932,-0.31084704399108887,0.9999722242355347,0.571607232093811,0.17048749327659607,-0.1671624332666397,0.9872241616249084,0.409837543964386,0.16282017529010773,-0.10918506979942322,0.978725790977478,0.5634021759033203,0.20925967395305634,-0.24044619500637054,0.9482566118240356,0.401165246963501,0.19902080297470093,-0.11329880356788635,0.9414246082305908,0.5676553845405579,0.2240845113992691,-0.2555707097053528,0.8873345851898193,0.39782872796058655,0.21421052515506744,-0.12433329224586487,0.8928630948066711,0.5608698725700378,0.22319236397743225,-0.31127241253852844,0.8943516612052917,0.40378883481025696,0.2134801596403122,-0.1705830991268158,0.8990423083305359,0.5560030937194824,0.21898631751537323,-0.2608986794948578,0.8720897436141968,0.40750232338905334,0.20869749784469604,-0.12886157631874084,0.8809954524040222,0.5244991183280945,0.21583643555641174,0.0015127231599763036,0.9989575743675232,0.4559834897518158,0.21681904792785645,-0.0014609547797590494,0.9988393187522888,0.5198593735694885,0.2877391576766968,-0.0022300726268440485,0.9696143865585327,0.46904152631759644,0.28768157958984375,-0.027710944414138794,0.9740628600120544,0.508571982383728,0.35774466395378113,0.20399980247020721,0.9640145301818848,0.4784354865550995,0.3581445813179016,0.1955261379480362,0.9608117341995239,0.5025051832199097,0.36509397625923157,0.2129323035478592,0.8123703002929688,0.4791966676712036,0.3662753999233246,0.20664547383785248,0.7747824192047119,0.5180936455726624,0.3812747895717621,0.025833506137132645,0.9527208805084229,0.47694963216781616,0.3794151544570923,0.016657233238220215,0.9497888088226318
7,0.48860621452331543,0.09475839883089066,-0.6844081878662109,0.9999163746833801,0.49378809332847595,0.08655481785535812,-0.675666868686676,0.9997145533561707,0.49834561347961426,0.08575363457202911,-0.6756299734115601,0.9997159242630005,0.5025955438613892,0.08476979285478592,-0.6756677627563477,0.9997004866600037,0.48033425211906433,0.08790283650159836,-0.6729351878166199,0.9996677041053772,0.47590863704681396,0.08784400671720505,-0.673080325126648,0.9996235370635986,0.4725080728530884,0.08778412640094757,-0.6731054782867432,0.9995903372764587,0.5096284747123718,0.08314681798219681,-0.5173904895782471,0.9996305108070374,0.46836981177330017,0.08700360357761383,-0.5053975582122803,0.9994831681251526,0.4987315535545349,0.09966879338026047,-0.616557776927948,0.9999280571937561,0.48180192708969116,0.10188135504722595,-0.6133496165275574,0.9999070763587952,0.5596469640731812,0.12098780274391174,-0.32385343313217163,0.9999811053276062,0.4302448034286499,0.1171472892165184,-0.3138801157474518,0.999973714351654,0.5717197060585022,0.17094869911670685,-0.1712000072002411,0.9875953793525696,0.4088752865791321,0.16311787068843842,-0.1223570927977562,0.9797971844673157,0.5634523034095764,0.20948158204555511,-0.24501608312129974,0.949986457824707,0.40058445930480957,0.19904829561710358,-0.11468174308538437,0.9450698494911194,0.5680010914802551,0.2241525948047638,-0.26066628098487854,0.8901565074920654,0.39770710468292236,0.21423019468784332,-0.1295967400074005,0.8986655473709106,0.5610474944114685,0.22321803867816925,-0.3178476393222809,0.896949291229248,0.4036550223827362,0.21344348788261414,-0.18170572817325592,0.9044714570045471,0.5561968684196472,0.21929219365119934,-0.2656545341014862,0.8748271465301514,0.4072544574737549,0.20867614448070526,-0.13673020899295807,0.8870905041694641,0.524206280708313,0.2158176749944687,0.001370214275084436,0.9989717602729797,0.45586711168289185,0.2168264240026474,-0.0013317163102328777,0.9988719820976257,0.5204402208328247,0.28778398036956787,-0.0031410916708409786,0.9707781076431274,0.46902719140052795,0.28764107823371887,-0.02757553942501545,0.974768877029419,0.5096245408058167,0.35728582739830017,0.21121565997600555,0.9651849865913391,0.47822028398513794,0.35763058066368103,0.20644904673099518,0.9617977738380432,0.5039547681808472,0.3637712895870209,0.22192496061325073,0.8122254610061646,0.47915247082710266,0.36484894156455994,0.21871539950370789,0.7769571542739868,0.5178356766700745,0.38135236501693726,0.031427111476659775,0.9538868069648743,0.4766674041748047,0.37951385974884033,0.023734934628009796,0.9510151743888855
8,0.4881725609302521,0.09496404975652695,-0.6784695386886597,0.9999223351478577,0.49334585666656494,0.08677054941654205,-0.6699672937393188,0.9997356534004211,0.49791219830513,0.08597772568464279,-0.66993647813797,0.9997376203536987,0.5021418929100037,0.08499696850776672,-0.6699786186218262,0.9997217655181885,0.47994711995124817,0.08810074627399445,-0.6672874093055725,0.9996920228004456,0.4755643606185913,0.08801329135894775,-0.6674241423606873,0.9996525645256042,0.47221294045448303,0.08793859928846359,-0.6674467921257019,0.9996218681335449,0.5093399882316589,0.08327960222959518,-0.5135233402252197,0.9996581077575684,0.46817725896835327,0.08712687343358994,-0.5014051795005798,0.9995267391204834,0.4981706440448761,0.09982414543628693,-0.6111412048339844,0.999933123588562,0.481376588344574,0.10204672813415527,-0.6079046726226807,0.9999138116836548,0.5595691800117493,0.12107869237661362,-0.3243289887905121,0.9999821782112122,0.42995867133140564,0.11745592951774597,-0.30995282530784607,0.9999749660491943,0.5717554688453674,0.17092081904411316,-0.17518064379692078,0.9880684018135071,0.4084599018096924,0.16340401768684387,-0.11972679197788239,0.980567216873169,0.5634475946426392,0.2095348834991455,-0.25076648592948914,0.9522572159767151,0.3996031582355499,0.20022889971733093,-0.12701845169067383,0.948033332824707,0.568102240562439,0.2242479771375656,-0.26915258169174194,0.8945038318634033,0.3969873785972595,0.21497264504432678,-0.14088602364063263,0.9033797979354858,0.5611649751663208,0.2233268767595291,-0.32469087839126587,0.9009976983070374,0.40271031856536865,0.2142074704170227,-0.1900019496679306,0.908898651599884,0.5563207268714905,0.2193673551082611,-0.270906925201416,0.879304826259613,0.4062422811985016,0.20953723788261414,-0.14474959671497345,0.8921733498573303,0.5240463018417358,0.21585264801979065,-2.5784253011806868e-05,0.998981773853302,0.45574474334716797,0.21692271530628204,5.555127791012637e-05,0.9988879561424255,0.5204111933708191,0.2878043055534363,-0.005369688384234905,0.9716649055480957,0.46904364228248596,0.2875410318374634,-0.02632439136505127,0.9748985171318054,0.5100224018096924,0.3574603796005249,0.21089576184749603,0.9659891128540039,0.4775638282299042,0.3575262427330017,0.2072441726922989,0.9618032574653625,0.5049448609352112,0.3639470636844635,0.22150209546089172,0.8083361983299255,0.4789057970046997,0.36463025212287903,0.21969074010849,0.7764449715614319,0.5168708562850952,0.3817045986652374,0.030842477455735207,0.9543755650520325,0.4763893485069275,0.37965551018714905,0.02553017996251583,0.9512504935264587
9,0.48782777786254883,0.09504833817481995,-0.6747342348098755,0.9999274015426636,0.4930136203765869,0.08685236424207687,-0.665956437587738,0.9997536540031433,0.4975822865962982,0.08606410026550293,-0.6659314632415771,0.9997562170028687,0.5018190741539001,0.08507701009511948,-0.6659823656082153,0.999739944934845,0.4796484410762787,0.08816839754581451,-0.6633818745613098,0.9997130632400513,0.47530150413513184,0.08807241171598434,-0.6635152697563171,0.9996774196624756,0.4719924032688141,0.08799564838409424,-0.6635403037071228,0.9996487498283386,0.5091148018836975,0.08333294838666916,-0.5091474652290344,0.9996824264526367,0.46808966994285583,0.08717662841081619,-0.49736905097961426,0.9995643496513367,0.4978196918964386,0.09988321363925934,-0.6072441339492798,0.9999374747276306,0.48108723759651184,0.10210347175598145,-0.6041600108146667,0.9999196529388428,0.5595447421073914,0.12106386572122574,-0.32181161642074585,0.999983012676239,0.429890900850296,0.11762399226427078,-0.3042594790458679,0.9999759793281555,0.5718659162521362,0.1709136962890625,-0.1811680793762207,0.9886592030525208,0.40803804993629456,0.16364455223083496,-0.11537549644708633,0.9812122583389282,0.5637527704238892,0.21013782918453217,-0.2644376754760742,0.9549562335014343,0.398486852645874,0.20182520151138306,-0.13163474202156067,0.9506727457046509,0.5686498284339905,0.2248203009366989,-0.28715780377388,0.8997018337249756,0.39530426263809204,0.21607878804206848,-0.1461736410856247,0.9075286984443665,0.5617285966873169,0.22393766045570374,-0.3410471975803375,0.9058652520179749,0.40118271112442017,0.21539683640003204,-0.19484920799732208,0.9128033518791199,0.5569050908088684,0.22029933333396912,-0.2845328450202942,0.8848039507865906,0.4050540328025818,0.21080583333969116,-0.1489274650812149,0.8966583609580994,0.5241702795028687,0.2158612161874771,-0.0003330893814563751,0.9989649057388306,0.45576271414756775,0.21699075400829315,0.0003760495746973902,0.998895525932312,0.521192729473114,0.28745752573013306,-0.009883293882012367,0.9725900292396545,0.46907544136047363,0.2874152958393097,-0.029841182753443718,0.9753350019454956,0.511785626411438,0.35743430256843567,0.20004720985889435,0.9666001200675964,0.47763434052467346,0.3580199182033539,0.18945623934268951,0.9625250101089478,0.5068332552909851,0.3639220595359802,0.20983736217021942,0.8076698184013367,0.4795295000076294,0.36574187874794006,0.19999416172504425,0.7786027789115906,0.5172298550605774,0.3816264271736145,0.022073175758123398,0.9550024271011353,0.4763416349887848,0.3799266517162323,0.008919302374124527,0.9521237015724182
10,0.48782840371131897,0.0951097160577774,-0.6597914695739746,0.9999316930770874,0.49298644065856934,0.08689843863248825,-0.6517232060432434,0.9997689723968506,0.4975397288799286,0.08610503375530243,-0.6517057418823242,0.9997720122337341,0.5017997026443481,0.08510158210992813,-0.6517524123191833,0.9997556209564209,0.4796055555343628,0.08824632316827774,-0.6488736867904663,0.9997310042381287,0.47524401545524597,0.08816581219434738,-0.6489965319633484,0.9996983408927917,0.47192955017089844,0.08810029923915863,-0.6490298509597778,0.9996712803840637,0.5090904831886292,0.08336125314235687,-0.4973061978816986,0.9997039437294006,0.46806469559669495,0.0872955173254013,-0.4834381639957428,0.999596118927002,0.4978489577770233,0.0999266654253006,-0.5929147005081177,0.9999411702156067,0.4811086058616638,0.10216322541236877,-0.5892413854598999,0.9999246001243591,0.5595530867576599,0.12097939103841782,-0.31576743721961975,0.9999836683273315,0.4299822747707367,0.11761900037527084,-0.292012095451355,0.9999767541885376,0.5720173120498657,0.17087969183921814,-0.17986761033535004,0.9890403747558594,0.4080045223236084,0.16363345086574554,-0.11717094480991364,0.9817313551902771,0.5638294816017151,0.21058012545108795,-0.2674019932746887,0.9567347764968872,0.398219496011734,0.20226867496967316,-0.14945021271705627,0.9527922868728638,0.5686003565788269,0.22518588602542877,-0.2930775284767151,0.9033219814300537,0.39502304792404175,0.2164153754711151,-0.16918031871318817,0.9109252691268921,0.561676561832428,0.22429141402244568,-0.3460582494735718,0.909258246421814,0.4007776081562042,0.21570473909378052,-0.22052977979183197,0.9160574078559875,0.556936502456665,0.22068707644939423,-0.28755682706832886,0.8885833024978638,0.4046940803527832,0.21109455823898315,-0.1688702404499054,0.9003785252571106,0.5242977738380432,0.2158529907464981,-0.001051687402650714,0.9989456534385681,0.45588093996047974,0.21701489388942719,0.0011047746520489454,0.9988880157470703,0.5218812823295593,0.28719478845596313,-0.017708206549286842,0.9733375906944275,0.4694336950778961,0.28742945194244385,-0.02739897184073925,0.9754353761672974,0.5130640864372253,0.35738319158554077,0.1943439394235611,0.9669190049171448,0.47795370221138,0.3585495948791504,0.19039936363697052,0.9625718593597412,0.508430540561676,0.3638775050640106,0.20445865392684937,0.8046396970748901,0.4805639684200287,0.36651164293289185,0.20088689029216766,0.7785148620605469,0.5172950029373169,0.38149911165237427,0.017668522894382477,0.955177366733551,0.4764517843723297,0.3799838423728943,0.012004093267023563,0.9522263407707214
11,0.48782867193222046,0.09510654956102371,-0.6242302060127258,0.9999326467514038,0.4930029511451721,0.08689626306295395,-0.6163069605827332,0.9997730851173401,0.4975540041923523,0.0861017033457756,-0.6163036227226257,0.9997761249542236,0.501808226108551,0.08509794622659683,-0.6163588166236877,0.9997597932815552,0.4795812666416168,0.08824345469474792,-0.6134721040725708,0.9997378587722778,0.47517141699790955,0.08816400915384293,-0.613582968711853,0.9997057318687439,0.47187307476997375,0.08810050785541534,-0.6136319041252136,0.99968022108078,0.5091104507446289,0.08338446170091629,-0.46747449040412903,0.9997110366821289,0.4680306613445282,0.08734162896871567,-0.45351678133010864,0.9996093511581421,0.49787089228630066,0.09992282837629318,-0.5598239302635193,0.9999414086341858,0.4810715913772583,0.10215787589550018,-0.5560961961746216,0.9999263882637024,0.5594945549964905,0.12092933803796768,-0.3007931411266327,0.9999831318855286,0.43018099665641785,0.11767578125,-0.2801511883735657,0.9999766945838928,0.5720816850662231,0.17086990177631378,-0.18524615466594696,0.9890270233154297,0.40795671939849854,0.16366952657699585,-0.15254180133342743,0.9822683334350586,0.5639342069625854,0.21055655181407928,-0.2875804305076599,0.9572752118110657,0.3982648253440857,0.20250338315963745,-0.24596060812473297,0.9541449546813965,0.5685831308364868,0.22520257532596588,-0.31872227787971497,0.9048552513122559,0.39506253600120544,0.21669109165668488,-0.27585139870643616,0.912883996963501,0.5616288781166077,0.22431005537509918,-0.3678925037384033,0.9106279015541077,0.40082937479019165,0.21587178111076355,-0.32495903968811035,0.9179782867431641,0.5569085478782654,0.22069893777370453,-0.3069758415222168,0.890006959438324,0.40472611784935,0.211207315325737,-0.26627248525619507,0.9024589657783508,0.524354875087738,0.2158590853214264,-0.0007921375217847526,0.9989029169082642,0.45600882172584534,0.21714025735855103,0.0008460308308713138,0.9988594651222229,0.5223776698112488,0.28643834590911865,-0.02521340362727642,0.9734827876091003,0.4696139097213745,0.2875150740146637,-0.03591984510421753,0.9753472805023193,0.5132338404655457,0.3573465645313263,0.1804456263780594,0.9665746688842773,0.4782683253288269,0.3594711422920227,0.16926315426826477,0.9624229073524475,0.5082428455352783,0.36394980549812317,0.19015546143054962,0.8022688627243042,0.4811219871044159,0.3679541051387787,0.17896656692028046,0.7763851881027222,0.5179656744003296,0.3814278542995453,0.006703266408294439,0.9547988176345825,0.47666463255882263,0.38014498353004456,-0.009051105938851833,0.952042818069458
12,0.4880661070346832,0.0950024276971817,-0.6156584620475769,0.9999356865882874,0.49330928921699524,0.08680358529090881,-0.6067047119140625,0.9997841715812683,0.49779635667800903,0.08600849658250809,-0.6067034006118774,0.9997871518135071,0.5021724104881287,0.08500126004219055,-0.6067626476287842,0.9997715353965759,0.4797344505786896,0.088105708360672,-0.6044154763221741,0.9997512102127075,0.4751967787742615,0.08806407451629639,-0.6045196056365967,0.9997206330299377,0.471895307302475,0.08803491294384003,-0.6045552492141724,0.9996964931488037,0.5092402696609497,0.08337901532649994,-0.4562065005302429,0.9997259378433228,0.4680297374725342,0.08734338730573654,-0.4446951746940613,0.9996311068534851,0.4982391893863678,0.0998879000544548,-0.550939679145813,0.9999436736106873,0.48115602135658264,0.10214464366436005,-0.5479028224945068,0.9999297857284546,0.559253454208374,0.12091502547264099,-0.2922876179218292,0.9999832510948181,0.43024909496307373,0.1178673803806305,-0.2705501616001129,0.9999766945838928,0.5721425414085388,0.17084570229053497,-0.18357565999031067,0.9891010522842407,0.40775981545448303,0.1637454628944397,-0.14642614126205444,0.9827222228050232,0.5639501214027405,0.21080787479877472,-0.28453606367111206,0.9582330584526062,0.39824172854423523,0.20278839766979218,-0.23078849911689758,0.9554126858711243,0.5685548186302185,0.22549961507320404,-0.3156253695487976,0.9071991443634033,0.39509081840515137,0.21702946722507477,-0.2583655118942261,0.9148127436637878,0.5615444779396057,0.2246401160955429,-0.36512991786003113,0.9128201603889465,0.40079641342163086,0.21612660586833954,-0.3084428310394287,0.9198940396308899,0.5568973422050476,0.22110797464847565,-0.30402448773384094,0.8923487663269043,0.404723584651947,0.2113896906375885,-0.25101378560066223,0.904548168182373,0.5245084762573242,0.21603688597679138,-0.0009466020273976028,0.9988936185836792,0.4561281204223633,0.21733666956424713,0.000998836476355791,0.9988456964492798,0.5225224494934082,0.28676456212997437,-0.03184471279382706,0.973718523979187,0.4696689248085022,0.28792619705200195,-0.03351059928536415,0.9750430583953857,0.5131903290748596,0.3587811589241028,0.16711178421974182,0.9666617512702942,0.47851815819740295,0.35995373129844666,0.17077647149562836,0.9620494842529297,0.5081014037132263,0.3658742606639862,0.17587865889072418,0.8009078502655029,0.48155477643013,0.3683716058731079,0.1802501678466797,0.7748432755470276,0.5181912183761597,0.3821343183517456,-0.00843467004597187,0.9547368884086609,0.47661352157592773,0.38030436635017395,-0.005431377328932285,0.9517531394958496
13,0.48815828561782837,0.09491017460823059,-0.606619119644165,0.9999396800994873,0.49341922998428345,0.08672287315130234,-0.5986507534980774,0.9997982382774353,0.49787840247154236,0.08592749387025833,-0.5986446142196655,0.9998012185096741,0.5022968649864197,0.08492127805948257,-0.5987054705619812,0.9997864365577698,0.47976595163345337,0.08800912648439407,-0.5956971049308777,0.9997671842575073,0.4752069115638733,0.08800222724676132,-0.5957993865013123,0.9997383952140808,0.47189727425575256,0.08800581842660904,-0.5958284735679626,0.9997153878211975,0.5092991590499878,0.08337101340293884,-0.4519263803958893,0.999744713306427,0.4680289328098297,0.0873638466000557,-0.43778520822525024,0.9996564388275146,0.4984476864337921,0.09985751658678055,-0.543207049369812,0.9999469518661499,0.48123976588249207,0.10212775319814682,-0.5394024848937988,0.9999338984489441,0.5592532157897949,0.12110479176044464,-0.2882070243358612,0.9999837279319763,0.43059974908828735,0.1178787425160408,-0.2627764344215393,0.9999772310256958,0.5723762512207031,0.17095157504081726,-0.17896464467048645,0.9891533255577087,0.40778106451034546,0.16375316679477692,-0.11948267370462418,0.9827698469161987,0.5639991760253906,0.21171236038208008,-0.27862274646759033,0.9591361284255981,0.3985147476196289,0.2029547244310379,-0.184787780046463,0.9557666778564453,0.568816065788269,0.22622933983802795,-0.3075867295265198,0.9095319509506226,0.39579108357429504,0.2172975391149521,-0.20852939784526825,0.9153537750244141,0.5616837739944458,0.2254076451063156,-0.3579977750778198,0.9150609374046326,0.4012640118598938,0.2163725197315216,-0.25982069969177246,0.9204893708229065,0.5570041537284851,0.22182519733905792,-0.2982240319252014,0.8947479724884033,0.4050962030887604,0.21165679395198822,-0.20528382062911987,0.9053601622581482,0.5245733261108398,0.21664482355117798,-0.0012617313768714666,0.9989151358604431,0.4561319053173065,0.2177874743938446,0.0013182386755943298,0.9988700151443481,0.5225783586502075,0.28785473108291626,-0.03067709691822529,0.9741814136505127,0.4698852598667145,0.28838634490966797,-0.021894080564379692,0.9754210710525513,0.5131289958953857,0.35926496982574463,0.168537437915802,0.9673145413398743,0.4787538945674896,0.3601382374763489,0.187782883644104,0.9626851081848145,0.507915735244751,0.366548091173172,0.1766170710325241,0.8029430508613586,0.481871098279953,0.36841171979904175,0.1979789286851883,0.7770095467567444,0.5191691517829895,0.38271376490592957,0.0027271704748272896,0.9553844928741455,0.4765649735927582,0.38065141439437866,0.020328819751739502,0.9523926973342896
14,0.4881664216518402,0.09484371542930603,-0.6199570894241333,0.9999427199363708,0.49342861771583557,0.08667591959238052,-0.6114625334739685,0.9998096227645874,0.4978874921798706,0.08587504178285599,-0.6114489436149597,0.9998127222061157,0.5023027062416077,0.08486738055944443,-0.6114985346794128,0.9997987151145935,0.47976723313331604,0.08795821666717529,-0.6089916229248047,0.9997799396514893,0.475163996219635,0.08797220885753632,-0.609103262424469,0.9997522830963135,0.47186848521232605,0.08799634873867035,-0.6091318130493164,0.9997299313545227,0.5093246102333069,0.08336988836526871,-0.4597719609737396,0.9997606873512268,0.4679833650588989,0.08740891516208649,-0.4485079050064087,0.9996767640113831,0.4985557794570923,0.09980299323797226,-0.5549056529998779,0.9999495148658752,0.48125261068344116,0.10209406912326813,-0.5517842173576355,0.9999369382858276,0.5593430995941162,0.12089245766401291,-0.2962583899497986,0.9999842047691345,0.43086302280426025,0.11788282543420792,-0.26977697014808655,0.9999772906303406,0.5727577805519104,0.17092666029930115,-0.19155725836753845,0.9892007112503052,0.4080204367637634,0.16379158198833466,-0.11694017052650452,0.9821364879608154,0.5641800761222839,0.21175320446491241,-0.292879581451416,0.9594975709915161,0.3993140757083893,0.2028779238462448,-0.16282424330711365,0.9540895819664001,0.5696194767951965,0.22687675058841705,-0.3226197063922882,0.9108294248580933,0.3969738185405731,0.2172175794839859,-0.18248975276947021,0.9125434160232544,0.5619197487831116,0.22597984969615936,-0.37324056029319763,0.9163234233856201,0.4021458327770233,0.2162916362285614,-0.23336027562618256,0.9179605841636658,0.5570541024208069,0.22208833694458008,-0.3125471770763397,0.895941972732544,0.4058014452457428,0.21158578991889954,-0.1824435591697693,0.9027388691902161,0.5250429511070251,0.21667200326919556,-0.002479138085618615,0.9989126920700073,0.45627716183662415,0.2180159091949463,0.0025584674440324306,0.9988620281219482,0.522564709186554,0.28799423575401306,-0.02967279963195324,0.9740607142448425,0.4702483117580414,0.28874391317367554,-0.021921668201684952,0.975016176700592,0.5130933523178101,0.35948625206947327,0.17630960047245026,0.9673190712928772,0.4788569211959839,0.3605441451072693,0.18889251351356506,0.9622700214385986,0.5078112483024597,0.3668842017650604,0.18566352128982544,0.8007845282554626,0.4820883870124817,0.36891603469848633,0.19929876923561096,0.7760303020477295,0.5191351175308228,0.3829665780067444,0.005255033262073994,0.9551163911819458,0.47654035687446594,0.381562739610672,0.01865583099424839,0.9519940614700317
15,0.48842090368270874,0.09483884274959564,-0.621384859085083,0.9999457001686096,0.4936281442642212,0.08667284995317459,-0.613357663154602,0.9998202323913574,0.49807208776474,0.08587212860584259,-0.6133442521095276,0.9998236298561096,0.5025323629379272,0.08486483991146088,-0.6133940815925598,0.9998100996017456,0.4800260663032532,0.08795562386512756,-0.6094706654548645,0.999792218208313,0.4753412902355194,0.08796980232000351,-0.6095759272575378,0.9997661113739014,0.4719652235507965,0.08799529820680618,-0.6096028089523315,0.9997448325157166,0.5094424486160278,0.08337084203958511,-0.4682246446609497,0.9997753500938416,0.46806997060775757,0.08743905276060104,-0.4494474530220032,0.9996967911720276,0.49889621138572693,0.09979892522096634,-0.556158185005188,0.999951958656311,0.48148372769355774,0.1020890399813652,-0.5533416271209717,0.9999400973320007,0.5599350929260254,0.12075234204530716,-0.30630257725715637,0.9999845623970032,0.4313199520111084,0.11786330491304398,-0.2730598449707031,0.9999778866767883,0.5733688473701477,0.17092785239219666,-0.20155693590641022,0.9895153641700745,0.40868791937828064,0.1637854427099228,-0.11155828833580017,0.9820671081542969,0.564521849155426,0.21278126537799835,-0.3040677309036255,0.9608604311943054,0.3993229866027832,0.20241551101207733,-0.14961186051368713,0.9550040364265442,0.5701271295547485,0.22811610996723175,-0.3336653709411621,0.9136384129524231,0.39681655168533325,0.2169128805398941,-0.1680404394865036,0.9141281843185425,0.5620424747467041,0.22714471817016602,-0.3849899172782898,0.9189889430999756,0.401961088180542,0.216088205575943,-0.21897850930690765,0.9195722937583923,0.5572009086608887,0.22311541438102722,-0.32401230931282043,0.8988767862319946,0.40575262904167175,0.2114153355360031,-0.16884253919124603,0.9046639204025269,0.5260734558105469,0.21670246124267578,-0.0032241803128272295,0.998897135257721,0.4569140374660492,0.21805526316165924,0.0033071911893785,0.99886554479599,0.5225763320922852,0.2879135310649872,-0.02291269227862358,0.9744147658348083,0.47038012742996216,0.2888185381889343,-0.022009117528796196,0.9751974940299988,0.513115644454956,0.3593076765537262,0.17984198033809662,0.9677793979644775,0.47895780205726624,0.3606090247631073,0.18642115592956543,0.9628000259399414,0.5079407095909119,0.3667905032634735,0.18972237408161163,0.8013017177581787,0.4824441373348236,0.36905038356781006,0.19630378484725952,0.7781939506530762,0.5192525386810303,0.3828372657299042,0.008060001768171787,0.9557176232337952,0.4764285087585449,0.3818794786930084,0.01257991325110197,0.952695369720459
16,0.4885100722312927,0.09504799544811249,-0.6252065896987915,0.9999489784240723,0.4937790334224701,0.08684275299310684,-0.6143326163291931,0.9998313188552856,0.49821826815605164,0.08602362126111984,-0.6143211722373962,0.9998351335525513,0.5027456283569336,0.08500322699546814,-0.6143909692764282,0.9998220205307007,0.48021236062049866,0.08821900933980942,-0.6123011112213135,0.9998044371604919,0.4755061864852905,0.08822061866521835,-0.6124228835105896,0.9997800588607788,0.47207769751548767,0.08822114020586014,-0.6124738454818726,0.9997593760490417,0.5096008777618408,0.08347010612487793,-0.4737708568572998,0.9997905492782593,0.46841490268707275,0.08756601065397263,-0.4497661292552948,0.99971604347229,0.49902376532554626,0.0999375656247139,-0.558379590511322,0.9999548196792603,0.4816942512989044,0.10219015926122665,-0.5568177103996277,0.9999435544013977,0.5606213212013245,0.12047659605741501,-0.31072938442230225,0.99998539686203,0.43190956115722656,0.11787780374288559,-0.2740306854248047,0.9999787211418152,0.5748339891433716,0.17109514772891998,-0.20252296328544617,0.9901452660560608,0.40978357195854187,0.1639881134033203,-0.10814198106527328,0.9823777079582214,0.5661245584487915,0.2139803022146225,-0.3051818311214447,0.9635096788406372,0.3992561399936676,0.2022625356912613,-0.15247146785259247,0.9570524096488953,0.5721873641014099,0.22902458906173706,-0.33500686287879944,0.9189316630363464,0.39611220359802246,0.2168961465358734,-0.17165908217430115,0.917721152305603,0.5630690455436707,0.22826115787029266,-0.38775715231895447,0.9239802956581116,0.4013727009296417,0.21604330837726593,-0.22317495942115784,0.9230063557624817,0.5583969354629517,0.2243969887495041,-0.3255370557308197,0.9047726988792419,0.4055584669113159,0.21137087047100067,-0.17203252017498016,0.9085872173309326,0.5269565582275391,0.21690158545970917,-0.003241772297769785,0.9989129900932312,0.45771411061286926,0.21821533143520355,0.0033229109831154346,0.9988927245140076,0.5226548314094543,0.287898451089859,-0.01358160749077797,0.975322961807251,0.47049233317375183,0.2888217568397522,-0.020366717129945755,0.9761158227920532,0.5132579207420349,0.3593686521053314,0.18191106617450714,0.9689517021179199,0.4790428876876831,0.36059704422950745,0.18664951622486115,0.9643607139587402,0.5079768300056458,0.36697497963905334,0.19175578653812408,0.8075315356254578,0.4827883541584015,0.36900997161865234,0.1961371898651123,0.784925639629364,0.5203898549079895,0.38289448618888855,0.009597455151379108,0.9573790431022644,0.475957453250885,0.38195690512657166,0.012720584869384766,0.9545642733573914
17,0.48948872089385986,0.09506063908338547,-0.6799910664558411,0.999952495098114,0.49478426575660706,0.08684813976287842,-0.670902669429779,0.9998435378074646,0.49921613931655884,0.08602683991193771,-0.6708779335021973,0.9998475313186646,0.5037376284599304,0.08501020073890686,-0.6709228157997131,0.9998343586921692,0.4812988340854645,0.08822324872016907,-0.6680765748023987,0.9998182654380798,0.476731538772583,0.08822674304246902,-0.668217122554779,0.9997965693473816,0.47284889221191406,0.08822815120220184,-0.6682311296463013,0.9997773766517639,0.5100833773612976,0.08348296582698822,-0.5137217044830322,0.9998060464859009,0.469311386346817,0.08758466690778732,-0.49925634264945984,0.999739408493042,0.4999394714832306,0.09995999932289124,-0.6118716597557068,0.9999578595161438,0.48280730843544006,0.10218583792448044,-0.608603298664093,0.9999473690986633,0.5617923140525818,0.12048971652984619,-0.3302443027496338,0.9999859929084778,0.4323071837425232,0.11806616187095642,-0.3024027645587921,0.9999794960021973,0.5761920809745789,0.17110386490821838,-0.20513345301151276,0.9905493855476379,0.4101347327232361,0.16424144804477692,-0.11082669347524643,0.9828051924705505,0.5665468573570251,0.21386054158210754,-0.29868313670158386,0.9650526642799377,0.3991740345954895,0.2022436261177063,-0.12395546585321426,0.9590979218482971,0.5724267363548279,0.22893820703029633,-0.3263181447982788,0.9212780594825745,0.3957027792930603,0.21687354147434235,-0.136560320854187,0.9211329221725464,0.5633809566497803,0.22818231582641602,-0.37901759147644043,0.9261839389801025,0.40100032091140747,0.21601130068302155,-0.1858905702829361,0.9261954426765442,0.5586760640144348,0.22432202100753784,-0.31917405128479004,0.9072638750076294,0.4054131805896759,0.2113790065050125,-0.14105159044265747,0.912260890007019,0.5276550650596619,0.21690243482589722,-0.002817623084411025,0.9989292025566101,0.4581080675125122,0.21823735535144806,0.0028866210486739874,0.9989310503005981,0.5230045318603516,0.2879088222980499,-0.011930673383176327,0.97636479139328,0.47137588262557983,0.28882259130477905,-0.02250957302749157,0.9769835472106934,0.5139642357826233,0.35935646295547485,0.20160989463329315,0.9701870679855347,0.47930908203125,0.3605749309062958,0.19407428801059723,0.9660136103630066,0.5082036256790161,0.3669503331184387,0.21229353547096252,0.8129737377166748,0.48299041390419006,0.3689731955528259,0.2046060562133789,0.7911149263381958,0.5218347907066345,0.38311630487442017,0.028411680832505226,0.9590657353401184,0.4760872721672058,0.38215506076812744,0.017176004126667976,0.9565396308898926
18,0.4901907444000244,0.09505841135978699,-0.6769647002220154,0.9999544620513916,0.49554815888404846,0.0868464931845665,-0.6677654981613159,0.9998512268066406,0.5000049471855164,0.08602488040924072,-0.667750895023346,0.9998557567596436,0.5045169591903687,0.08500835299491882,-0.6678085923194885,0.9998419284820557,0.4820421636104584,0.08821871131658554,-0.6642263531684875,0.9998269081115723,0.47753438353538513,0.08822300285100937,-0.6643619537353516,0.9998073577880859,0.47340092062950134,0.08822515606880188,-0.664378821849823,0.9997891187667847,0.5105862021446228,0.08350338786840439,-0.5118438005447388,0.9998158812522888,0.4699706435203552,0.08759403973817825,-0.4953543245792389,0.9997560977935791,0.500728189945221,0.09996674954891205,-0.6102927923202515,0.999959409236908,0.48347219824790955,0.10218323767185211,-0.6058465838432312,0.9999493956565857,0.5631845593452454,0.12065701931715012,-0.3337286412715912,0.9999858736991882,0.4327508807182312,0.11821441352367401,-0.30190810561180115,0.9999794960021973,0.5769360065460205,0.17130781710147858,-0.21654841303825378,0.9906501770019531,0.41033291816711426,0.16458627581596375,-0.11260020732879639,0.9825993776321411,0.5667752027511597,0.21414770185947418,-0.306959867477417,0.9649953246116638,0.3992590606212616,0.20296359062194824,-0.12633298337459564,0.9592667818069458,0.5726888179779053,0.22946660220623016,-0.3329419493675232,0.9204414486885071,0.39575594663619995,0.21747787296772003,-0.13950563967227936,0.9210965633392334,0.563880205154419,0.22877265512943268,-0.3855098783969879,0.9253444671630859,0.40117931365966797,0.21648259460926056,-0.18834194540977478,0.9261283874511719,0.559004008769989,0.22470328211784363,-0.32725462317466736,0.9061145186424255,0.40568819642066956,0.2120402306318283,-0.14355193078517914,0.9123080968856812,0.5288735628128052,0.2173747420310974,-0.0027738495264202356,0.9989289045333862,0.4589279294013977,0.2184126079082489,0.0028415522538125515,0.9989503622055054,0.5234254598617554,0.28832489252090454,-0.01568053476512432,0.9769798517227173,0.4721393883228302,0.2888595163822174,-0.027429601177573204,0.9775645732879639,0.5142109990119934,0.35973644256591797,0.19962716102600098,0.9710763692855835,0.4794851243495941,0.3606097102165222,0.19400236010551453,0.9673040509223938,0.5082277059555054,0.3677560091018677,0.20979733765125275,0.8169490694999695,0.48337221145629883,0.36903634667396545,0.2045663446187973,0.7967743277549744,0.5224949717521667,0.3837113678455353,0.023817142471671104,0.9601179361343384,0.475784569978714,0.382275253534317,0.01663730852305889,0.9581001996994019
19,0.49058979749679565,0.09496000409126282,-0.6909772157669067,0.9999573230743408,0.4959893226623535,0.08681604266166687,-0.6807246804237366,0.9998612403869629,0.5004783868789673,0.08598773181438446,-0.6807008385658264,0.9998661875724792,0.5050075054168701,0.08496233075857162,-0.6807461977005005,0.9998518824577332,0.48265427350997925,0.08814261108636856,-0.6769320964813232,0.9998379945755005,0.47832444310188293,0.08814354985952377,-0.6770727038383484,0.9998210072517395,0.4740666151046753,0.0881427600979805,-0.6770786046981812,0.999803900718689,0.5110647082328796,0.0834852010011673,-0.5211071968078613,0.9998282194137573,0.4708944857120514,0.08755706250667572,-0.5046553611755371,0.9997754693031311,0.5012282133102417,0.09993337839841843,-0.6236538290977478,0.9999617338180542,0.48412618041038513,0.10206154733896255,-0.6190672516822815,0.9999521970748901,0.5639849305152893,0.12075140327215195,-0.33859580755233765,0.9999862313270569,0.4337693154811859,0.11821241676807404,-0.3070283532142639,0.9999796152114868,0.5776445269584656,0.17145228385925293,-0.21100057661533356,0.9909793734550476,0.4106980562210083,0.16465018689632416,-0.10112570971250534,0.9827024340629578,0.5677151679992676,0.21451109647750854,-0.29716581106185913,0.9663437008857727,0.3994440734386444,0.2035345435142517,-0.07947362214326859,0.9605922698974609,0.5734742879867554,0.22979024052619934,-0.31553226709365845,0.9222135543823242,0.3960045576095581,0.21796151995658875,-0.0856260284781456,0.9231474995613098,0.5652940273284912,0.22912362217903137,-0.37089720368385315,0.9270317554473877,0.40135931968688965,0.2168896347284317,-0.1325143426656723,0.9279664158821106,0.5601046085357666,0.22489459812641144,-0.31808996200561523,0.908053457736969,0.4059341847896576,0.2125682532787323,-0.0945112407207489,0.91449373960495,0.5294455289840698,0.21766047179698944,-0.002749919891357422,0.9989485740661621,0.4594498574733734,0.21847759187221527,0.0028103599324822426,0.998987078666687,0.5238448977470398,0.2886515259742737,-0.009672431275248528,0.9778745174407959,0.4728882312774658,0.2889328598976135,-0.02402643673121929,0.9783479571342468,0.5143009424209595,0.35990914702415466,0.21559712290763855,0.9722089171409607,0.47989970445632935,0.36060893535614014,0.2118723839521408,0.9687365293502808,0.5082266330718994,0.3677821159362793,0.226785808801651,0.8218481540679932,0.4834299683570862,0.3690289556980133,0.22382333874702454,0.8017212748527527,0.5231707692146301,0.38387051224708557,0.04392106086015701,0.9615710377693176,0.47640132904052734,0.38226956129074097,0.03795333579182625,0.9598285555839539
20,0.49116432666778564,0.09486160427331924,-0.7107287049293518,0.9999600648880005,0.4965624213218689,0.08680326491594315,-0.6994847655296326,0.999870777130127,0.5011120438575745,0.08597533404827118,-0.6994571685791016,0.9998759627342224,0.5056433081626892,0.08494877070188522,-0.6995029449462891,0.9998612403869629,0.4834352731704712,0.08807916939258575,-0.6960113644599915,0.9998488426208496,0.4793308973312378,0.08808205276727676,-0.6961557865142822,0.9998341798782349,0.4749802052974701,0.08807562291622162,-0.6961510181427002,0.9998182058334351,0.5118260383605957,0.08348524570465088,-0.534356951713562,0.9998399019241333,0.47173574566841125,0.08754727244377136,-0.519525945186615,0.9997940063476562,0.5018070936203003,0.09992781281471252,-0.6415226459503174,0.9999639987945557,0.48496708273887634,0.10190978646278381,-0.6373639106750488,0.9999549388885498,0.5647424459457397,0.12076660245656967,-0.34713029861450195,0.9999866485595703,0.4345375597476959,0.11821053177118301,-0.3173528015613556,0.9999798536300659,0.5784593820571899,0.17122381925582886,-0.215535968542099,0.9913085699081421,0.41117531061172485,0.1646847128868103,-0.10254920274019241,0.9827259182929993,0.5682770013809204,0.21441206336021423,-0.29589879512786865,0.9673647284507751,0.3997573256492615,0.20460788905620575,-0.07319407910108566,0.9615228176116943,0.5736350417137146,0.22972829639911652,-0.31550905108451843,0.922980785369873,0.3968566656112671,0.21921966969966888,-0.07796261459589005,0.9243460297584534,0.5654476284980774,0.22902686893939972,-0.37080714106559753,0.9277716875076294,0.4023885428905487,0.21806775033473969,-0.12450277805328369,0.9289781451225281,0.5602537393569946,0.2248668223619461,-0.31675949692726135,0.9088628888130188,0.40682321786880493,0.21374399960041046,-0.08769954741001129,0.9157704710960388,0.5301018357276917,0.2176532745361328,-0.002718548756092787,0.9989708065986633,0.45977649092674255,0.21843548119068146,0.002781084505841136,0.9990264177322388,0.5246503353118896,0.2888049781322479,-0.01053745485842228,0.9788289070129395,0.47323301434516907,0.2889275550842285,-0.022170450538396835,0.979148268699646,0.5146004557609558,0.3601316213607788,0.211370050907135,0.9734479784965515,0.48048633337020874,0.3605988919734955,0.2147049605846405,0.9702668190002441,0.5082452297210693,0.36820000410079956,0.22203491628170013,0.8272830247879028,0.4836893081665039,0.36900871992111206,0.2263621687889099,0.8081883192062378,0.5241206288337708,0.38399016857147217,0.038562286645174026,0.9631478786468506,0.4764319956302643,0.3821955919265747,0.041409287601709366,0.9617109894752502
21,0.4923378825187683,0.0947924479842186,-0.694471001625061,0.9999606609344482,0.4975847005844116,0.08678792417049408,-0.6843056678771973,0.9998733997344971,0.5022276639938354,0.08595990389585495,-0.6842893362045288,0.9998793005943298,0.5065872073173523,0.08493532240390778,-0.6843457818031311,0.9998632073402405,0.4845099449157715,0.08803167194128036,-0.6813164353370667,0.9998518824577332,0.4805472493171692,0.08804862201213837,-0.6814535856246948,0.9998388886451721,0.4760722517967224,0.08804885298013687,-0.6814632415771484,0.9998229742050171,0.5128645300865173,0.08348729461431503,-0.5239719748497009,0.999843180179596,0.4724317193031311,0.08755367249250412,-0.5106910467147827,0.9998031258583069,0.5028107762336731,0.09992645680904388,-0.6265954971313477,0.9999643564224243,0.48616164922714233,0.10186729580163956,-0.6229243874549866,0.9999551773071289,0.5655437707901001,0.12079169601202011,-0.3427921235561371,0.9999866485595703,0.43483737111091614,0.11842259764671326,-0.3134301006793976,0.9999796748161316,0.5794941186904907,0.17053766548633575,-0.21716266870498657,0.9914490580558777,0.4116847813129425,0.16513675451278687,-0.11600038409233093,0.9823470115661621,0.5692929625511169,0.21369975805282593,-0.29762741923332214,0.9675176739692688,0.399942547082901,0.20532414317131042,-0.0916910469532013,0.9610810279846191,0.5737012624740601,0.22936517000198364,-0.31919124722480774,0.9228646755218506,0.3970111012458801,0.2197977602481842,-0.09094329923391342,0.9232595562934875,0.5654658675193787,0.22841356694698334,-0.37319958209991455,0.9275909662246704,0.4026350677013397,0.21856676042079926,-0.1452583521604538,0.9279036521911621,0.5604071617126465,0.22406531870365143,-0.3179682791233063,0.9085133671760559,0.4071539640426636,0.2142149657011032,-0.1085866391658783,0.9147472381591797,0.5311324596405029,0.2178177386522293,-0.003008125815540552,0.9989657402038574,0.4606556296348572,0.21846289932727814,0.0030747330747544765,0.9990341067314148,0.5249742269515991,0.2893974184989929,-0.019094545394182205,0.9791831374168396,0.473489373922348,0.28890010714530945,-0.03178141638636589,0.9794234037399292,0.5146757960319519,0.360796719789505,0.18548350036144257,0.9740995168685913,0.4810994565486908,0.3605911433696747,0.1977464109659195,0.971200704574585,0.508330762386322,0.36929628252983093,0.19342003762722015,0.8295197486877441,0.48482778668403625,0.36901405453681946,0.2082379311323166,0.8140898942947388,0.5245731472969055,0.38411349058151245,0.0072039091028273106,0.9637786149978638,0.4740426540374756,0.38198626041412354,0.022271400317549706,0.9629387259483337
22,0.4942621886730194,0.09467317163944244,-0.6870192289352417,0.999961793422699,0.4992561638355255,0.08672554045915604,-0.6777337193489075,0.9998778104782104,0.503863513469696,0.08589903265237808,-0.6777147054672241,0.9998840689659119,0.5077711343765259,0.08488289266824722,-0.6777665019035339,0.9998679161071777,0.4862153232097626,0.08791104704141617,-0.67412930727005,0.9998568892478943,0.4822673797607422,0.08793890476226807,-0.6742619276046753,0.9998451471328735,0.4777893126010895,0.08793623000383377,-0.6742741465568542,0.9998294115066528,0.5137818455696106,0.08350022882223129,-0.5187965631484985,0.9998488426208496,0.4730362296104431,0.08754821121692657,-0.5060685873031616,0.9998123645782471,0.5041786432266235,0.09991702437400818,-0.6195178627967834,0.9999653100967407,0.4877539873123169,0.10177883505821228,-0.6157188415527344,0.9999561309814453,0.5658628344535828,0.12085400521755219,-0.341457337141037,0.9999868273735046,0.434844434261322,0.11883173137903214,-0.3122784197330475,0.9999794960021973,0.5805203914642334,0.17053626477718353,-0.2198294699192047,0.9916644096374512,0.41214311122894287,0.16585056483745575,-0.1243806779384613,0.9821631908416748,0.5700311660766602,0.21361693739891052,-0.30288776755332947,0.9682588577270508,0.4002736210823059,0.20565959811210632,-0.12178709357976913,0.9611943960189819,0.5736539363861084,0.2292906492948532,-0.32711902260780334,0.9244087338447571,0.3970596194267273,0.2197732776403427,-0.13049881160259247,0.9234027862548828,0.5654198527336121,0.22832784056663513,-0.3794654607772827,0.9289972186088562,0.4026452898979187,0.21856066584587097,-0.18434017896652222,0.9280537366867065,0.5605353713035583,0.22396773099899292,-0.32263725996017456,0.9101464152336121,0.4071955680847168,0.21424500644207,-0.1402166783809662,0.9150443077087402,0.531845211982727,0.21809959411621094,-0.003767921356484294,0.9989714622497559,0.46169313788414,0.218540221452713,0.0038344585336744785,0.9990360736846924,0.5249788165092468,0.2896789610385895,-0.01775374636054039,0.9793176054954529,0.47384360432624817,0.2889125645160675,-0.024180205538868904,0.9793044924736023,0.5146631598472595,0.3607668876647949,0.18658313155174255,0.9743624329566956,0.4814976453781128,0.36010512709617615,0.20585918426513672,0.9713910222053528,0.5085446238517761,0.369194358587265,0.19379828870296478,0.8293681144714355,0.4853769838809967,0.368536114692688,0.21690449118614197,0.8163586854934692,0.5245148539543152,0.3840988278388977,0.009270566515624523,0.9638723134994507,0.47311872243881226,0.3814188539981842,0.034346241503953934,0.963299036026001
23,0.4956108331680298,0.09475278109312057,-0.6719038486480713,0.99996018409729,0.5003859400749207,0.0867835059762001,-0.663540244102478,0.9998730421066284,0.5049275159835815,0.08594870567321777,-0.6635378003120422,0.9998797178268433,0.5085374116897583,0.08493995666503906,-0.6636102795600891,0.9998632073402405,0.4874609410762787,0.08798115700483322,-0.6610593795776367,0.9998527765274048,0.4834638237953186,0.08801882714033127,-0.661193311214447,0.9998406767845154,0.4791230857372284,0.08803188055753708,-0.661238968372345,0.999824583530426,0.5144817233085632,0.083619125187397,-0.5152110457420349,0.9998433589935303,0.47356876730918884,0.0876610055565834,-0.504753589630127,0.9998083114624023,0.5051059126853943,0.10007714480161667,-0.6076868176460266,0.9999635219573975,0.4889162480831146,0.10193179547786713,-0.6046576499938965,0.9999544620513916,0.5661922097206116,0.12105260044336319,-0.3409801125526428,0.9999863505363464,0.4349435269832611,0.1191248744726181,-0.3111497759819031,0.9999794960021973,0.5806484222412109,0.17058470845222473,-0.22929175198078156,0.9914283156394958,0.4125930666923523,0.16637973487377167,-0.15245719254016876,0.982271134853363,0.5703632235527039,0.2133578360080719,-0.3168483078479767,0.9673008322715759,0.4003387689590454,0.20572048425674438,-0.19419604539871216,0.9615556001663208,0.573616087436676,0.22912614047527313,-0.3450031280517578,0.9238102436065674,0.39681804180145264,0.21966831386089325,-0.2157856523990631,0.9239243268966675,0.5654431581497192,0.22815924882888794,-0.39486125111579895,0.9282583594322205,0.40244248509407043,0.21848702430725098,-0.26809096336364746,0.9286230802536011,0.5607456564903259,0.22368930280208588,-0.3359517753124237,0.9092358350753784,0.4071631133556366,0.2141866832971573,-0.2143440544605255,0.915799081325531,0.5320389270782471,0.218574658036232,-0.00553945591673255,0.9989717602729797,0.4622074067592621,0.21880635619163513,0.005614638328552246,0.9990273118019104,0.5251898765563965,0.289667546749115,-0.01594501920044422,0.9792349338531494,0.47452160716056824,0.2890126407146454,-0.016803106293082237,0.9788637161254883,0.514918327331543,0.3605267107486725,0.18819579482078552,0.9745321869850159,0.4819745719432831,0.3598843216896057,0.2089000791311264,0.9711689352989197,0.5097275972366333,0.36901459097862244,0.19631245732307434,0.8253097534179688,0.4862504303455353,0.3683125078678131,0.2202409952878952,0.81812983751297,0.5224288702011108,0.38371503353118896,0.012118535116314888,0.963750958442688,0.4720098376274109,0.3812309503555298,0.03820859268307686,0.9634160399436951
24,0.4973851442337036,0.09475519508123398,-0.66267991065979,0.9999598264694214,0.5018118619918823,0.08678178489208221,-0.6536503434181213,0.9998722672462463,0.5061149001121521,0.08594701439142227,-0.653654932975769,0.9998793005943298,0.5093950629234314,0.08493805676698685,-0.6537274718284607,0.9998629689216614,0.48898404836654663,0.08800358325242996,-0.6520718336105347,0.9998526573181152,0.48478490114212036,0.08806725591421127,-0.6522026062011719,0.9998403191566467,0.4805840253829956,0.08812253922224045,-0.652248203754425,0.9998239278793335,0.5151734948158264,0.08369238674640656,-0.5057535171508789,0.999842643737793,0.47399625182151794,0.08785387873649597,-0.4993951916694641,0.9998084902763367,0.5063960552215576,0.10008904337882996,-0.5986173152923584,0.9999628067016602,0.49050524830818176,0.10197402536869049,-0.5966145396232605,0.9999538660049438,0.5665122270584106,0.12131255120038986,-0.3391307592391968,0.9999862909317017,0.43505898118019104,0.11945664882659912,-0.30960991978645325,0.9999796152114868,0.580975353717804,0.17089472711086273,-0.22883659601211548,0.9914114475250244,0.413011759519577,0.1666748821735382,-0.15105371177196503,0.9825054407119751,0.5711801052093506,0.21334144473075867,-0.31860020756721497,0.9675214886665344,0.4002158045768738,0.20629781484603882,-0.19053436815738678,0.962265133857727,0.5742689371109009,0.22908614575862885,-0.347238689661026,0.9251427054405212,0.3963315486907959,0.21979451179504395,-0.21125642955303192,0.9250651597976685,0.5662088990211487,0.22814121842384338,-0.3972181975841522,0.9294288754463196,0.4017206132411957,0.21877363324165344,-0.26365336775779724,0.9297772645950317,0.5617077946662903,0.22366468608379364,-0.3377862274646759,0.9105381965637207,0.4066769480705261,0.214541956782341,-0.21059226989746094,0.9171855449676514,0.5324098467826843,0.2188871055841446,-0.006482259836047888,0.9989728927612305,0.46258535981178284,0.21899202466011047,0.006567489355802536,0.9990183711051941,0.5253993272781372,0.2896100580692291,-0.015761753544211388,0.9792149662971497,0.47500118613243103,0.2890118956565857,-0.01715855486690998,0.9783706665039062,0.5150589346885681,0.360511839389801,0.1800066977739334,0.9748185276985168,0.48237085342407227,0.3598160743713379,0.20264805853366852,0.9709475040435791,0.5104168653488159,0.3689576983451843,0.18718430399894714,0.8230527639389038,0.4868769943714142,0.36826831102371216,0.2130407840013504,0.8195524215698242,0.5214287042617798,0.3835211992263794,0.0015482265735045075,0.9638689756393433,0.4719434380531311,0.38123103976249695,0.03153381124138832,0.9635342359542847
25,0.4981524348258972,0.09503200650215149,-0.6571957468986511,0.9999597072601318,0.5024707317352295,0.0870266929268837,-0.6486866474151611,0.9998716711997986,0.5066890716552734,0.08617124706506729,-0.6486908197402954,0.9998789429664612,0.5098283886909485,0.08518410474061966,-0.6487592458724976,0.9998627305030823,0.4898969233036041,0.08834096044301987,-0.6471610069274902,0.9998524188995361,0.4856310784816742,0.0884227454662323,-0.64728844165802,0.9998400807380676,0.4815458059310913,0.08850786089897156,-0.6473322510719299,0.9998236298561096,0.5155003666877747,0.08400876075029373,-0.5005171895027161,0.9998418688774109,0.4744096100330353,0.08821295201778412,-0.49409037828445435,0.9998089671134949,0.5068995952606201,0.10033851116895676,-0.5926611423492432,0.999962329864502,0.4912526309490204,0.10222510993480682,-0.59067702293396,0.9999535083770752,0.5667398571968079,0.12145145982503891,-0.3375106453895569,0.9999864101409912,0.4355025291442871,0.11958801746368408,-0.30813807249069214,0.9999799728393555,0.5811371803283691,0.17107628285884857,-0.2248944193124771,0.9913877844810486,0.41347721219062805,0.1667231023311615,-0.14855316281318665,0.9828850626945496,0.5712503790855408,0.2131219208240509,-0.3141123950481415,0.967778205871582,0.40016430616378784,0.20641569793224335,-0.19420239329338074,0.9635006189346313,0.5743184685707092,0.22897674143314362,-0.34226569533348083,0.9264935851097107,0.39594507217407227,0.21977120637893677,-0.2161269336938858,0.9272607564926147,0.5666816234588623,0.22807201743125916,-0.3928733766078949,0.9306451678276062,0.40105265378952026,0.2188379019498825,-0.26944276690483093,0.9319195747375488,0.56236332654953,0.22363129258155823,-0.33354029059410095,0.9119569659233093,0.4061512351036072,0.2146277129650116,-0.21473467350006104,0.9196362495422363,0.5327059030532837,0.21909639239311218,-0.0075293127447366714,0.9989805221557617,0.4629603922367096,0.21900221705436707,0.0076087419874966145,0.9990115165710449,0.525390088558197,0.2896578907966614,-0.014689765870571136,0.979343056678772,0.4752810299396515,0.28901004791259766,-0.013628778979182243,0.9780188798904419,0.5152238011360168,0.36058634519577026,0.17986662685871124,0.9752492308616638,0.48252326250076294,0.35978567600250244,0.20256638526916504,0.9707761406898499,0.5110645294189453,0.368914932012558,0.18717889487743378,0.8212239146232605,0.48719409108161926,0.36819222569465637,0.21299301087856293,0.8208157420158386,0.5202416777610779,0.38350364565849304,0.001080842805095017,0.9642470479011536,0.4719836413860321,0.3812495470046997,0.03134063631296158,0.963735044002533
26,0.49837562441825867,0.09541601687669754,-0.6658873558044434,0.9999589323997498,0.5026820302009583,0.08735339343547821,-0.6578523516654968,0.9998698830604553,0.5069233179092407,0.08644672483205795,-0.6578660607337952,0.9998772740364075,0.5100572109222412,0.08545306324958801,-0.6579475402832031,0.9998611211776733,0.4902016520500183,0.08878878504037857,-0.6559154987335205,0.9998512864112854,0.4859501123428345,0.08889599144458771,-0.6560490131378174,0.9998385310173035,0.48192906379699707,0.0889904573559761,-0.6561002731323242,0.9998222589492798,0.5156797766685486,0.08426039665937424,-0.5084784030914307,0.9998401999473572,0.4746662378311157,0.08864179998636246,-0.49841392040252686,0.9998089075088501,0.5071496963500977,0.10062696784734726,-0.6006881594657898,0.9999616146087646,0.4915746748447418,0.10256660729646683,-0.5980203747749329,0.9999529719352722,0.567118763923645,0.12150468677282333,-0.3424067497253418,0.9999864101409912,0.43592369556427,0.11975393444299698,-0.3090049922466278,0.9999802112579346,0.5814641118049622,0.17125798761844635,-0.23116561770439148,0.9913380742073059,0.41347095370292664,0.16683237254619598,-0.15008914470672607,0.9832454919815063,0.5712234377861023,0.21311786770820618,-0.3201049566268921,0.9675575494766235,0.39942502975463867,0.20725485682487488,-0.19323807954788208,0.9645200967788696,0.5742974281311035,0.22896313667297363,-0.3488001525402069,0.9269174933433533,0.3948380649089813,0.2203378975391388,-0.21396404504776,0.9289072751998901,0.5667101144790649,0.22807374596595764,-0.39914971590042114,0.9309408664703369,0.3997385799884796,0.21950258314609528,-0.2671603262424469,0.9335290193557739,0.5624774098396301,0.22366853058338165,-0.3393474817276001,0.912225604057312,0.4050719738006592,0.21529580652713776,-0.2135043889284134,0.9214711785316467,0.5331976413726807,0.21911713480949402,-0.009019389748573303,0.9989716410636902,0.46329423785209656,0.21900150179862976,0.009111549705266953,0.9989842772483826,0.525539219379425,0.28969424962997437,-0.0270654559135437,0.9790717959403992,0.4755120873451233,0.2890376150608063,-0.015443522483110428,0.9771759510040283,0.5152252316474915,0.36099645495414734,0.1580628752708435,0.9752503037452698,0.48279109597206116,0.3597983717918396,0.18956439197063446,0.9700384736061096,0.5113082528114319,0.3693006932735443,0.1643829643726349,0.8176829814910889,0.4877927005290985,0.3682364523410797,0.19898883998394012,0.8214061856269836,0.5190324187278748,0.38372766971588135,-0.025348937138915062,0.9639116525650024,0.47193339467048645,0.381318062543869,0.01470965426415205,0.9633027911186218
27,0.49822285771369934,0.09564197063446045,-0.6818418502807617,0.9999598264694214,0.5025602579116821,0.08757557719945908,-0.673296332359314,0.9998735785484314,0.5068198442459106,0.08664515614509583,-0.6732933521270752,0.9998809695243835,0.5100324153900146,0.08564627170562744,-0.6733671426773071,0.999864399433136,0.4900798201560974,0.08906878530979156,-0.6698868274688721,0.9998558759689331,0.4858570694923401,0.08920799940824509,-0.6700319647789001,0.9998440742492676,0.4818125367164612,0.08932320773601532,-0.6700706481933594,0.9998286366462708,0.5156579613685608,0.08448248356580734,-0.5214360952377319,0.9998452663421631,0.4747399091720581,0.08900806307792664,-0.5047420859336853,0.9998180866241455,0.507129967212677,0.10083439946174622,-0.6161531805992126,0.9999623894691467,0.4915178120136261,0.1028074249625206,-0.611511766910553,0.9999538660049438,0.5676624774932861,0.1216043010354042,-0.35115841031074524,0.999986469745636,0.43629318475723267,0.11978840827941895,-0.3112477958202362,0.9999806880950928,0.5816388726234436,0.17155985534191132,-0.2330809086561203,0.9912078380584717,0.4134258031845093,0.1668091118335724,-0.1398143470287323,0.9834516644477844,0.5709509253501892,0.21325019001960754,-0.316630482673645,0.966452419757843,0.3993978500366211,0.20720651745796204,-0.15297627449035645,0.9655900001525879,0.5734952092170715,0.22919900715351105,-0.3450641632080078,0.9253761768341064,0.3948480486869812,0.22024573385715485,-0.16772855818271637,0.9307002425193787,0.5664580464363098,0.22849081456661224,-0.3961049020290375,0.9293521046638489,0.39977511763572693,0.2194044589996338,-0.22034046053886414,0.9352300763130188,0.5623525381088257,0.22403806447982788,-0.33613306283950806,0.9102990031242371,0.4050847589969635,0.21520259976387024,-0.17189259827136993,0.9234835505485535,0.5333535671234131,0.21926023066043854,-0.012523462995886803,0.9989784359931946,0.46358925104141235,0.21902300417423248,0.012599870562553406,0.9989892840385437,0.5255233645439148,0.29043835401535034,-0.02904006466269493,0.9789833426475525,0.47558027505874634,0.2896437346935272,-0.004085028078407049,0.9765750169754028,0.5151583552360535,0.36141544580459595,0.16515447199344635,0.9755500555038452,0.48298588395118713,0.359933465719223,0.20804420113563538,0.9697850942611694,0.5114523768424988,0.36981144547462463,0.17254403233528137,0.8137757778167725,0.48836618661880493,0.3684931993484497,0.21842461824417114,0.82399982213974,0.5170767307281494,0.3837904930114746,-0.015486904419958591,0.9639114737510681,0.47145646810531616,0.3814789354801178,0.03991280496120453,0.9634137749671936
28,0.49807485938072205,0.09615717083215714,-0.7004767060279846,0.9999596476554871,0.5024555921554565,0.08801329135894775,-0.6921689510345459,0.9998739361763,0.506727397441864,0.08705224841833115,-0.6921733617782593,0.9998815655708313,0.5099887251853943,0.08604632318019867,-0.6922590732574463,0.9998654127120972,0.4899469316005707,0.08962272107601166,-0.688818097114563,0.9998570680618286,0.485708624124527,0.08978702872991562,-0.6889640688896179,0.9998451471328735,0.4817124009132385,0.08987191319465637,-0.6889998316764832,0.9998300671577454,0.5156263113021851,0.08473281562328339,-0.5379485487937927,0.9998464584350586,0.4747093617916107,0.08944784104824066,-0.5212218761444092,0.9998212456703186,0.5070549249649048,0.1012183278799057,-0.6336506605148315,0.9999622702598572,0.4913806915283203,0.10328315943479538,-0.6291348934173584,0.9999539256095886,0.5678649544715881,0.12160465121269226,-0.3655858635902405,0.9999865889549255,0.4362885653972626,0.12023477256298065,-0.32140275835990906,0.9999808669090271,0.5817359089851379,0.17166760563850403,-0.26039397716522217,0.9913673400878906,0.4134276509284973,0.16699843108654022,-0.14975017309188843,0.9837514758110046,0.5711227059364319,0.21332429349422455,-0.3531475067138672,0.9668412804603577,0.3994275629520416,0.20709095895290375,-0.1741769164800644,0.966463029384613,0.5737451910972595,0.22925417125225067,-0.3833478093147278,0.9265223741531372,0.3948560953140259,0.22019387781620026,-0.19185848534107208,0.9320650100708008,0.5667513012886047,0.22873367369174957,-0.43402788043022156,0.9303569793701172,0.39978593587875366,0.21934489905834198,-0.24396435916423798,0.9365389347076416,0.5626669526100159,0.22450688481330872,-0.37262141704559326,0.9112953543663025,0.40509724617004395,0.2151389867067337,-0.193315789103508,0.924874484539032,0.5336449146270752,0.2192407250404358,-0.012724009342491627,0.9989638328552246,0.4639982581138611,0.21901969611644745,0.012822565622627735,0.998967707157135,0.5256673693656921,0.29043135046958923,-0.03469301015138626,0.9784936308860779,0.47605100274086,0.2896588444709778,-0.018152926117181778,0.9755720496177673,0.5153125524520874,0.36173057556152344,0.14774316549301147,0.9753986597061157,0.48328468203544617,0.36012789607048035,0.18139004707336426,0.9691561460494995,0.5119202733039856,0.3703870475292206,0.15353697538375854,0.8108090758323669,0.48893484473228455,0.36887702345848083,0.1901002675294876,0.8247972130775452,0.5171175599098206,0.38378846645355225,-0.038206327706575394,0.9633491039276123,0.471373975276947,0.38163840770721436,0.002678049262613058,0.963021457195282
29,0.4980427622795105,0.09613896161317825,-0.655684232711792,0.999955952167511,0.5023954510688782,0.08800391107797623,-0.6460391283035278,0.9998627305030823,0.5066771507263184,0.08704277127981186,-0.6460464000701904,0.9998709559440613,0.5099911093711853,0.08604029566049576,-0.6461261510848999,0.9998549222946167,0.4898400902748108,0.08961512893438339,-0.644987940788269,0.9998470544815063,0.4856032729148865,0.08976706862449646,-0.6451031565666199,0.9998336434364319,0.48159071803092957,0.0898490697145462,-0.6451472640037537,0.9998182654380798,0.5156132578849792,0.08474970608949661,-0.4925909638404846,0.9998359084129333,0.47468283772468567,0.08945723623037338,-0.4860089421272278,0.9998081922531128,0.507110059261322,0.10118637979030609,-0.5896101593971252,0.9999589920043945,0.4913010895252228,0.10324963182210922,-0.5880430936813354,0.9999507665634155,0.5678339600563049,0.12158279865980148,-0.3336983323097229,0.9999856352806091,0.43604734539985657,0.12053288519382477,-0.30544614791870117,0.9999790787696838,0.5818108916282654,0.17166683077812195,-0.24571634829044342,0.9912266135215759,0.41308242082595825,0.1675741821527481,-0.1701871007680893,0.9837682247161865,0.5711092948913574,0.21336603164672852,-0.3372276723384857,0.965337872505188,0.4006502032279968,0.20801395177841187,-0.24766826629638672,0.9648647308349609,0.5736427307128906,0.2293747216463089,-0.36741897463798523,0.9240953326225281,0.3982262909412384,0.22156579792499542,-0.27538052201271057,0.9288973212242126,0.566498339176178,0.2288154661655426,-0.41715580224990845,0.928061306476593,0.40498587489128113,0.2202441245317459,-0.3243822455406189,0.9336403012275696,0.5624634623527527,0.2246333658695221,-0.35669296979904175,0.908738911151886,0.40863126516342163,0.21586085855960846,-0.26729464530944824,0.9213917851448059,0.5336790680885315,0.21932365000247955,-0.011962667107582092,0.998911440372467,0.4639861285686493,0.2193862795829773,0.012057693675160408,0.9989033341407776,0.5260440111160278,0.29041317105293274,-0.032378461211919785,0.9782744646072388,0.47610121965408325,0.2897537052631378,-0.01671273075044155,0.9749459028244019,0.5156072378158569,0.36137598752975464,0.15722845494747162,0.9751136898994446,0.4832870066165924,0.36018338799476624,0.18532554805278778,0.9682638049125671,0.5121501684188843,0.37024810910224915,0.16423693299293518,0.8084489703178406,0.48888030648231506,0.3690201938152313,0.19460119307041168,0.8218292593955994,0.5174126625061035,0.38333866000175476,-0.024281226098537445,0.9627812504768372,0.47149574756622314,0.38172435760498047,0.009381524287164211,0.961909294128418
30,0.49790236353874207,0.09625036269426346,-0.633792519569397,0.9999520182609558,0.5023319125175476,0.08813457190990448,-0.6252872943878174,0.9998498558998108,0.5066327452659607,0.08719287067651749,-0.6252985596656799,0.9998576045036316,0.5099660754203796,0.08622283488512039,-0.6253703832626343,0.9998412132263184,0.4896782636642456,0.0897291973233223,-0.6233898401260376,0.9998359680175781,0.48549747467041016,0.08987803012132645,-0.6234995126724243,0.9998205304145813,0.4813384413719177,0.08993271738290787,-0.6235495209693909,0.9998058080673218,0.5155950784683228,0.08499790728092194,-0.4737841486930847,0.9998217821121216,0.4746740758419037,0.08958207070827484,-0.46378734707832336,0.9997941851615906,0.5070764422416687,0.10127595067024231,-0.5680119395256042,0.9999552965164185,0.4911375343799591,0.10334088653326035,-0.5654141306877136,0.9999480843544006,0.5677366256713867,0.12143673002719879,-0.3108821213245392,0.9999845027923584,0.43614163994789124,0.12062370777130127,-0.2861482799053192,0.9999786019325256,0.5820391774177551,0.1716616153717041,-0.21446949243545532,0.9911092519760132,0.4126403331756592,0.16769596934318542,-0.17152349650859833,0.9841709136962891,0.5710824728012085,0.2141294628381729,-0.32345062494277954,0.9644255042076111,0.40056347846984863,0.20830368995666504,-0.2796804904937744,0.9651934504508972,0.5736886262893677,0.23053017258644104,-0.3623386025428772,0.9224318861961365,0.3981323838233948,0.22182050347328186,-0.31189075112342834,0.9293010830879211,0.5664687156677246,0.23002076148986816,-0.40681228041648865,0.9264914393424988,0.40485382080078125,0.2206062525510788,-0.36231690645217896,0.9340841770172119,0.5624412894248962,0.22593937814235687,-0.34208574891090393,0.9071475863456726,0.4085892140865326,0.21632173657417297,-0.3006073236465454,0.921665370464325,0.5337010025978088,0.21933312714099884,-0.009213319048285484,0.9988443851470947,0.46412235498428345,0.2194014936685562,0.009294943884015083,0.9988399147987366,0.5262665152549744,0.29036080837249756,-0.03509277105331421,0.9769020676612854,0.4761520326137543,0.2897551655769348,-0.03149927034974098,0.9734246730804443,0.5157598257064819,0.36146944761276245,0.1469510942697525,0.9728372693061829,0.4833230972290039,0.3606638014316559,0.15731404721736908,0.9657802581787109,0.5121585130691528,0.3705105781555176,0.153520867228508,0.8029878735542297,0.48885226249694824,0.36988285183906555,0.16547520458698273,0.8140971064567566,0.5183323621749878,0.3833715617656708,-0.030050814151763916,0.9600979685783386,0.4726279079914093,0.3821541666984558,-0.01787617802619934,0.9591701626777649
31,0.4975237250328064,0.09684915095567703,-0.6211971640586853,0.9999504685401917,0.5018720626831055,0.08865891396999359,-0.6139249801635742,0.999843180179596,0.5061113834381104,0.08765265345573425,-0.6139299273490906,0.9998510479927063,0.5097397565841675,0.08663643151521683,-0.6139891147613525,0.9998345971107483,0.4891214966773987,0.0904984101653099,-0.6115335822105408,0.999829888343811,0.48495274782180786,0.09063053876161575,-0.6116361618041992,0.9998131990432739,0.48065152764320374,0.09067261964082718,-0.6116791367530823,0.9997979998588562,0.5152921676635742,0.0851818174123764,-0.4643862545490265,0.9998154044151306,0.474458247423172,0.0900392085313797,-0.4521072208881378,0.9997841119766235,0.5069066286087036,0.10166888684034348,-0.5556824803352356,0.9999538660049438,0.49098658561706543,0.10397911071777344,-0.5524167418479919,0.9999469518661499,0.5676875710487366,0.12143683433532715,-0.29861557483673096,0.9999845027923584,0.4362301826477051,0.12065895646810532,-0.2720433473587036,0.9999788403511047,0.5820247530937195,0.17166413366794586,-0.19298838078975677,0.9913365244865417,0.4123276472091675,0.1676717847585678,-0.1650182604789734,0.984769880771637,0.5711072683334351,0.21473316848278046,-0.30095958709716797,0.9656789302825928,0.39992856979370117,0.20826870203018188,-0.26394155621528625,0.9666149020195007,0.5743554830551147,0.23077283799648285,-0.3366744816303253,0.9248905777931213,0.3968801200389862,0.22172994911670685,-0.295413076877594,0.9319102168083191,0.5668818354606628,0.23029561340808868,-0.38452085852622986,0.9288741946220398,0.40384528040885925,0.22062818706035614,-0.3476766347885132,0.9365862607955933,0.56275874376297,0.22625000774860382,-0.3201729357242584,0.9100754261016846,0.40786704421043396,0.21637414395809174,-0.2856057584285736,0.924347996711731,0.5336870551109314,0.219186931848526,-0.0077296230010688305,0.9987968802452087,0.4641040861606598,0.21939592063426971,0.007801102939993143,0.998795747756958,0.5264963507652283,0.29011887311935425,-0.033384669572114944,0.9762614965438843,0.4759961664676666,0.2897564172744751,-0.032105498015880585,0.9725372195243835,0.516021728515625,0.3613336980342865,0.14813080430030823,0.9712642431259155,0.48332881927490234,0.36095526814460754,0.15404410660266876,0.9639657735824585,0.5122393369674683,0.37024053931236267,0.15481236577033997,0.7987235188484192,0.4888184666633606,0.3701571524143219,0.16189321875572205,0.8079041838645935,0.5184780359268188,0.38329431414604187,-0.027026496827602386,0.9585111737251282,0.4734934866428375,0.38260066509246826,-0.02030625008046627,0.9572688341140747
32,0.4964328408241272,0.09684906154870987,-0.6158102750778198,0.9999470710754395,0.501001238822937,0.08864768594503403,-0.6084707975387573,0.9998317956924438,0.5051929354667664,0.08765233308076859,-0.6084851622581482,0.9998413324356079,0.5092049837112427,0.08663316816091537,-0.608559787273407,0.9998261332511902,0.48813697695732117,0.0904700979590416,-0.6048732995986938,0.9998160600662231,0.4838411211967468,0.09060001373291016,-0.6049671769142151,0.9997959136962891,0.4795530438423157,0.09064152836799622,-0.6050060987472534,0.9997782707214355,0.5149852633476257,0.08517950028181076,-0.462189644575119,0.9998082518577576,0.4741211533546448,0.09003899246454239,-0.4443155825138092,0.9997548460960388,0.5062242150306702,0.10168950259685516,-0.5520339012145996,0.9999518394470215,0.4899350106716156,0.10401057451963425,-0.5471518039703369,0.9999437928199768,0.5676625967025757,0.12150426208972931,-0.30400657653808594,0.9999845027923584,0.4361264705657959,0.12099634855985641,-0.26493436098098755,0.9999772906303406,0.5820625424385071,0.1719004213809967,-0.201634481549263,0.9916802048683167,0.41214248538017273,0.16858263313770294,-0.16136708855628967,0.9844895601272583,0.5715502500534058,0.21705380082130432,-0.30148017406463623,0.9671944379806519,0.3993534743785858,0.21075813472270966,-0.25607961416244507,0.9656540155410767,0.5757946372032166,0.2330394685268402,-0.33971595764160156,0.9277469515800476,0.3959590494632721,0.22425898909568787,-0.28680384159088135,0.9302185773849487,0.5677973628044128,0.23269110918045044,-0.38653287291526794,0.9316526651382446,0.40250957012176514,0.22370478510856628,-0.3386789560317993,0.9351394176483154,0.5634501576423645,0.22833891212940216,-0.3214540183544159,0.913477897644043,0.40688127279281616,0.21947316825389862,-0.2780018448829651,0.9225953817367554,0.5335304141044617,0.21918410062789917,-0.006840460002422333,0.9987317323684692,0.4636582136154175,0.2194131314754486,0.006912341341376305,0.998715341091156,0.5266693830490112,0.2901414632797241,-0.03243660926818848,0.9757365584373474,0.4754328429698944,0.28985878825187683,-0.03425491973757744,0.9720770120620728,0.5162107348442078,0.36061525344848633,0.14898763597011566,0.9698123335838318,0.48329728841781616,0.36120831966400146,0.15837067365646362,0.9625780582427979,0.5124474763870239,0.3688272535800934,0.15739145874977112,0.7939895987510681,0.4887898862361908,0.3704282343387604,0.16694630682468414,0.8009430766105652,0.5185216069221497,0.38299939036369324,-0.019367050379514694,0.9567415118217468,0.4745390713214874,0.3826294243335724,-0.01672511361539364,0.955489993095398
33,0.495718389749527,0.09682942181825638,-0.6108160614967346,0.9999468326568604,0.5003998875617981,0.08863368630409241,-0.6025352478027344,0.9998303055763245,0.5045619010925293,0.08764185011386871,-0.6025437712669373,0.9998397827148438,0.5087889432907104,0.08662315458059311,-0.6026148200035095,0.9998255968093872,0.48748117685317993,0.09043838083744049,-0.5995500683784485,0.9998136758804321,0.4830569922924042,0.09056810289621353,-0.5996449589729309,0.9997926950454712,0.47876599431037903,0.09061088413000107,-0.5996861457824707,0.9997743964195251,0.5146079063415527,0.08517499268054962,-0.45552799105644226,0.9998067021369934,0.4736476540565491,0.09002739936113358,-0.4407893717288971,0.9997451901435852,0.5057495832443237,0.10168304294347763,-0.5473448634147644,0.9999518990516663,0.48919475078582764,0.10399331152439117,-0.5433542728424072,0.9999436736106873,0.5675477385520935,0.12156019359827042,-0.2983589172363281,0.9999845027923584,0.435980886220932,0.1211736649274826,-0.26741430163383484,0.9999762773513794,0.5820378065109253,0.17309163510799408,-0.19998985528945923,0.9919223189353943,0.4118495285511017,0.1699880063533783,-0.16385120153427124,0.984574019908905,0.5731174349784851,0.21915869414806366,-0.303343802690506,0.968673050403595,0.39886242151260376,0.2132299393415451,-0.2747075855731964,0.9653856158256531,0.5777831077575684,0.23466473817825317,-0.3396824896335602,0.9305481910705566,0.39517080783843994,0.2267899066209793,-0.3073672652244568,0.9297617077827454,0.5692315697669983,0.23423810303211212,-0.38739943504333496,0.9343962669372559,0.40201443433761597,0.22632750868797302,-0.3589235842227936,0.9347991347312927,0.5648320317268372,0.22987283766269684,-0.3230469226837158,0.9168921709060669,0.4063401520252228,0.2222825437784195,-0.29667460918426514,0.922065794467926,0.5335193872451782,0.21918582916259766,-0.004011430311948061,0.9987137913703918,0.463516503572464,0.21953599154949188,0.004063135012984276,0.998688280582428,0.5274577736854553,0.29029276967048645,-0.03177515044808388,0.9760953187942505,0.47502440214157104,0.2902723550796509,-0.032501351088285446,0.9726496338844299,0.5162086486816406,0.3604835271835327,0.16472862660884857,0.9697035551071167,0.4832976162433624,0.36129122972488403,0.16452276706695557,0.9626896977424622,0.512397289276123,0.3685694634914398,0.17472580075263977,0.7959064245223999,0.48849019408226013,0.37040698528289795,0.17337465286254883,0.7975035309791565,0.5185915231704712,0.3828601539134979,-0.0016501247882843018,0.9566863179206848,0.47579216957092285,0.38258326053619385,-0.010460427962243557,0.9551758766174316
34,0.4942156672477722,0.09659754484891891,-0.593903660774231,0.999947726726532,0.4989652931690216,0.08838372677564621,-0.5853795409202576,0.999832808971405,0.5033272504806519,0.08742236346006393,-0.5853905081748962,0.9998421669006348,0.5077802538871765,0.08635734021663666,-0.5854558944702148,0.999829113483429,0.48587238788604736,0.09007833898067474,-0.5807893872261047,0.9998145699501038,0.4811483919620514,0.09020686894655228,-0.5808731913566589,0.9997929334640503,0.47734373807907104,0.09031519293785095,-0.5809138417243958,0.9997746348381042,0.5140484571456909,0.08495680242776871,-0.44169294834136963,0.9998114109039307,0.4727703332901001,0.08992134034633636,-0.4197685420513153,0.99974125623703,0.5048935413360596,0.10151679813861847,-0.5323131084442139,0.9999535083770752,0.48780280351638794,0.10389281809329987,-0.5262287855148315,0.999945342540741,0.5673973560333252,0.12169437855482101,-0.29163557291030884,0.9999848008155823,0.4356655776500702,0.12130359560251236,-0.2510772943496704,0.9999757409095764,0.5817891359329224,0.1747448742389679,-0.19998888671398163,0.9921903610229492,0.411273717880249,0.17000500857830048,-0.15393400192260742,0.9847257137298584,0.5741994380950928,0.22311833500862122,-0.3040463924407959,0.9702077507972717,0.39803504943847656,0.21406053006649017,-0.2634018361568451,0.9654814004898071,0.5791299343109131,0.23828260600566864,-0.34399980306625366,0.9335727095603943,0.39360830187797546,0.22793316841125488,-0.296289324760437,0.9299803376197815,0.5705292820930481,0.23789723217487335,-0.39181646704673767,0.9373346567153931,0.40117672085762024,0.22751463949680328,-0.34704506397247314,0.9350664615631104,0.5661242604255676,0.2330847531557083,-0.3238813877105713,0.9205272197723389,0.40564754605293274,0.22350455820560455,-0.2851751446723938,0.9222792983055115,0.5335153937339783,0.21920956671237946,-0.002917506732046604,0.998728334903717,0.46336644887924194,0.21973174810409546,0.002963392063975334,0.9986933469772339,0.5287070870399475,0.2903425097465515,-0.04103641211986542,0.9763509035110474,0.474893182516098,0.2907974123954773,-0.036549124866724014,0.9734274744987488,0.5163389444351196,0.3602604269981384,0.18099766969680786,0.9693329930305481,0.48336654901504517,0.3614879250526428,0.16530902683734894,0.9628522396087646,0.5124486684799194,0.3679496943950653,0.19387421011924744,0.7970227003097534,0.48840564489364624,0.37041428685188293,0.17732647061347961,0.7944176197052002,0.5188294053077698,0.38278716802597046,0.016937604174017906,0.9564498662948608,0.4772406220436096,0.3828524053096771,-0.004824904724955559,0.9548438787460327
35,0.4935435652732849,0.09594561159610748,-0.5922148823738098,0.9999502301216125,0.49835124611854553,0.08781617134809494,-0.5828700661659241,0.9998406171798706,0.5028117895126343,0.0868358314037323,-0.5828770995140076,0.9998495578765869,0.5073400139808655,0.08573206514120102,-0.5829380750656128,0.9998376965522766,0.48500490188598633,0.08928138762712479,-0.5792519450187683,0.9998218417167664,0.4800966680049896,0.08939025551080704,-0.5793293118476868,0.9998008608818054,0.4765213429927826,0.08958176523447037,-0.5793604850769043,0.9997830390930176,0.5136216878890991,0.08456233888864517,-0.43807491660118103,0.9998208284378052,0.4719398617744446,0.08958661556243896,-0.420986145734787,0.9997485876083374,0.5044576525688171,0.10096748918294907,-0.5305356383323669,0.9999561309814453,0.48691150546073914,0.10339953005313873,-0.5258416533470154,0.999948263168335,0.5671141743659973,0.12178901582956314,-0.2901126444339752,0.9999855160713196,0.434527724981308,0.12156757712364197,-0.2519640624523163,0.9999752044677734,0.581893265247345,0.17528626322746277,-0.19583559036254883,0.9925585985183716,0.40981489419937134,0.17044717073440552,-0.15247073769569397,0.984921395778656,0.5768405795097351,0.22472481429576874,-0.3051638901233673,0.9720098972320557,0.39804574847221375,0.2150549590587616,-0.26324209570884705,0.9656994342803955,0.5820884108543396,0.2398315817117691,-0.3441065549850464,0.9372010231018066,0.3936138451099396,0.22900697588920593,-0.2965528964996338,0.9303969144821167,0.57245272397995,0.23950611054897308,-0.39203324913978577,0.9408395886421204,0.40159720182418823,0.2283148169517517,-0.3464275598526001,0.9354966282844543,0.5676462650299072,0.23451150953769684,-0.32483887672424316,0.924889087677002,0.40604886412620544,0.2242271453142166,-0.2843994200229645,0.9226488471031189,0.5335327982902527,0.2194337397813797,-0.0028431585524231195,0.998763382434845,0.4632894694805145,0.22025080025196075,0.0028835220728069544,0.9987016320228577,0.529628336429596,0.29157984256744385,-0.03510056436061859,0.9766600728034973,0.4745211601257324,0.2915247678756714,-0.023560550063848495,0.9740576148033142,0.516826331615448,0.36081233620643616,0.2008235603570938,0.969494104385376,0.48336872458457947,0.3615450859069824,0.19680337607860565,0.9629210233688354,0.5127915740013123,0.36801472306251526,0.2136106938123703,0.798433780670166,0.48814183473587036,0.370284765958786,0.20944127440452576,0.790442168712616,0.5190813541412354,0.3837410509586334,0.036163099110126495,0.9567530155181885,0.4779820740222931,0.38313600420951843,0.032233066856861115,0.9545456767082214
36,0.4933015704154968,0.09564199298620224,-0.603912889957428,0.9999517202377319,0.4980730414390564,0.08756564557552338,-0.5968557596206665,0.9998459219932556,0.502564013004303,0.08658315241336823,-0.596860945224762,0.9998546242713928,0.5071293115615845,0.08547443896532059,-0.5969222187995911,0.9998438358306885,0.4847594201564789,0.08897947520017624,-0.5934267640113831,0.9998269081115723,0.4797983765602112,0.08910977095365524,-0.5935202836990356,0.9998065233230591,0.4762032926082611,0.08934344351291656,-0.5935543179512024,0.9997891783714294,0.5133594870567322,0.0844803899526596,-0.4499078094959259,0.9998272657394409,0.4715818464756012,0.08955328166484833,-0.432950496673584,0.9997522830963135,0.5042456984519958,0.10071692615747452,-0.5387239456176758,0.9999578595161438,0.48668161034584045,0.10318046063184738,-0.5335750579833984,0.9999502301216125,0.566804826259613,0.12230633199214935,-0.30198612809181213,0.9999858736991882,0.433082640171051,0.12235049903392792,-0.2667407989501953,0.9999740719795227,0.5819500088691711,0.1761687695980072,-0.22364850342273712,0.992866039276123,0.40809521079063416,0.1725112348794937,-0.18325603008270264,0.9853051900863647,0.5790777802467346,0.22465041279792786,-0.34158989787101746,0.9736005067825317,0.3981211185455322,0.21646466851234436,-0.2970873713493347,0.9661644697189331,0.5847125053405762,0.2399255484342575,-0.3816664218902588,0.9404049515724182,0.39360255002975464,0.23153941333293915,-0.33134782314300537,0.9310624003410339,0.5751482248306274,0.23940324783325195,-0.4296751916408539,0.9439018964767456,0.4022902846336365,0.23016579449176788,-0.379485160112381,0.9361071586608887,0.5701373219490051,0.23435379564762115,-0.36104750633239746,0.9286602139472961,0.4068298041820526,0.22582454979419708,-0.3175618052482605,0.9231951832771301,0.533542811870575,0.21971774101257324,-0.0025907689705491066,0.9987964034080505,0.46323132514953613,0.22138890624046326,0.002623344538733363,0.9987084865570068,0.53011155128479,0.29172709584236145,-0.05787148326635361,0.9773516654968262,0.4742773473262787,0.2926502823829651,-0.0281567070633173,0.974571943283081,0.5172358751296997,0.3608798086643219,0.18756833672523499,0.9698789119720459,0.48337316513061523,0.3619932532310486,0.19393347203731537,0.9629241228103638,0.5130819082260132,0.36802351474761963,0.2061598002910614,0.8016294836997986,0.4881229102611542,0.3705885112285614,0.20498061180114746,0.7865524888038635,0.5194981098175049,0.3837076723575592,0.030763637274503708,0.9572758674621582,0.4781270921230316,0.38317006826400757,0.025995902717113495,0.9541424512863159
37,0.4933011531829834,0.09560760855674744,-0.6508927941322327,0.9999523162841797,0.49807271361351013,0.08753759413957596,-0.6379112601280212,0.9998493194580078,0.5025497674942017,0.08656834065914154,-0.6379269957542419,0.9998583793640137,0.5071110129356384,0.08546855300664902,-0.638013482093811,0.9998483061790466,0.4847802519798279,0.08888795226812363,-0.6352860331535339,0.9998283982276917,0.47984516620635986,0.08899892121553421,-0.6353962421417236,0.9998086094856262,0.47618600726127625,0.08922222256660461,-0.63543701171875,0.9997909665107727,0.5131933689117432,0.08448903262615204,-0.4811986982822418,0.9998310804367065,0.47158005833625793,0.08951347321271896,-0.46895965933799744,0.999750018119812,0.504206657409668,0.10070730000734329,-0.5855454802513123,0.9999586343765259,0.48667845129966736,0.1031595841050148,-0.5821787714958191,0.9999511241912842,0.5662158131599426,0.12282069027423859,-0.328030526638031,0.9999858736991882,0.4326012432575226,0.12310746312141418,-0.2961648404598236,0.9999704360961914,0.5826822519302368,0.17621780931949615,-0.24564692378044128,0.9929986596107483,0.4067581593990326,0.173488587141037,-0.20261430740356445,0.9853603839874268,0.5826281309127808,0.22420768439769745,-0.36220455169677734,0.9746628403663635,0.3981385827064514,0.21568873524665833,-0.3133106827735901,0.9650521278381348,0.5879750847816467,0.23945137858390808,-0.40099239349365234,0.942460298538208,0.39330121874809265,0.23134753108024597,-0.3482224643230438,0.9287500381469727,0.5791935324668884,0.23902931809425354,-0.45023149251937866,0.9458754062652588,0.40221500396728516,0.230558842420578,-0.39632341265678406,0.9339058995246887,0.5744622349739075,0.2341136932373047,-0.3821369409561157,0.931026816368103,0.40686073899269104,0.22621329128742218,-0.33392444252967834,0.9205613732337952,0.533183217048645,0.2198595404624939,-0.0011822672095149755,0.9988157749176025,0.4631288945674896,0.22202903032302856,0.001232232665643096,0.9986916184425354,0.5304549932479858,0.29196304082870483,-0.05033572390675545,0.9779358506202698,0.47425204515457153,0.29310259222984314,-0.037328511476516724,0.9752695560455322,0.5173097848892212,0.36066022515296936,0.21025647222995758,0.9704508781433105,0.4837464392185211,0.3621675670146942,0.19937670230865479,0.9635129570960999,0.5132152438163757,0.3672272264957428,0.22584381699562073,0.8045628070831299,0.4881022572517395,0.3705834448337555,0.21268776059150696,0.7833300232887268,0.5195590257644653,0.3835160434246063,0.03886021673679352,0.9580009579658508,0.4811735451221466,0.3831251561641693,0.022851519286632538,0.954342782497406
38,0.49332624673843384,0.09560111165046692,-0.6463775038719177,0.9999545216560364,0.49808040261268616,0.08754074573516846,-0.6338979601860046,0.9998566508293152,0.5025360584259033,0.08658865839242935,-0.6339086890220642,0.9998656511306763,0.5070851445198059,0.08551274985074997,-0.6339874863624573,0.9998562335968018,0.4848173260688782,0.08887218683958054,-0.6312211751937866,0.9998356103897095,0.4799879789352417,0.08897583186626434,-0.631329357624054,0.9998169541358948,0.4762250483036041,0.08919011801481247,-0.6313643455505371,0.9997994899749756,0.5130468010902405,0.08464765548706055,-0.47938790917396545,0.9998393058776855,0.47165974974632263,0.08950889110565186,-0.46695736050605774,0.9997581243515015,0.5042033195495605,0.1007327288389206,-0.5819789171218872,0.9999605417251587,0.48670732975006104,0.10315782576799393,-0.5786729454994202,0.9999533295631409,0.5653670430183411,0.12358208745718002,-0.3259664475917816,0.9999862909317017,0.4325237572193146,0.12386045604944229,-0.2942846417427063,0.9999694228172302,0.5838902592658997,0.17610302567481995,-0.2405240386724472,0.9933609962463379,0.4058316946029663,0.1737241894006729,-0.19414962828159332,0.9858905076980591,0.5853567719459534,0.22420670092105865,-0.35643118619918823,0.9764107465744019,0.39821410179138184,0.2155650556087494,-0.3015229403972626,0.9661327600479126,0.5906245112419128,0.23910780251026154,-0.3945938050746918,0.9460641145706177,0.39329883456230164,0.2306153029203415,-0.3357701897621155,0.930480420589447,0.582287609577179,0.23862390220165253,-0.44447287917137146,0.9492972493171692,0.40226468443870544,0.2297852784395218,-0.38380196690559387,0.9355092644691467,0.5776622295379639,0.23376871645450592,-0.3765413463115692,0.9352157115936279,0.4071182310581207,0.225459024310112,-0.3219197392463684,0.9222753047943115,0.533117949962616,0.22005344927310944,-0.0008658849983476102,0.9988444447517395,0.4631202220916748,0.2224978655576706,0.0009227684931829572,0.9987062215805054,0.5304602384567261,0.2919430732727051,-0.047083839774131775,0.9784021377563477,0.47428590059280396,0.29310399293899536,-0.04666249826550484,0.9758898615837097,0.517333447933197,0.36058539152145386,0.19963504374027252,0.9708603620529175,0.48410987854003906,0.36241257190704346,0.18864411115646362,0.9639983177185059,0.5133349895477295,0.3671368658542633,0.21265357732772827,0.8070645928382874,0.48808762431144714,0.37072131037712097,0.20220178365707397,0.7806373834609985,0.5201777219772339,0.3831946551799774,0.02761825919151306,0.9586249589920044,0.48304110765457153,0.3829151690006256,0.0068398709408938885,0.9545987844467163
39,0.49340808391571045,0.09554187208414078,-0.6621842980384827,0.9999570250511169,0.4980859160423279,0.08754140883684158,-0.6486399173736572,0.9998651146888733,0.502510130405426,0.08659084141254425,-0.6486430764198303,0.9998738765716553,0.5070368051528931,0.0855196863412857,-0.6487255692481995,0.9998654723167419,0.48492613434791565,0.08887229114770889,-0.6456075310707092,0.9998446106910706,0.4802762567996979,0.08897650986909866,-0.6457255482673645,0.9998267292976379,0.4763747751712799,0.08919227868318558,-0.6457527279853821,0.9998098015785217,0.5128522515296936,0.08473815768957138,-0.4939521551132202,0.9998488426208496,0.4718441665172577,0.08957324922084808,-0.4805212616920471,0.999769926071167,0.5042069554328918,0.1007092148065567,-0.5985018014907837,0.9999628067016602,0.48683634400367737,0.10313000530004501,-0.5948092937469482,0.999955952167511,0.5643202066421509,0.12490459531545639,-0.3426322638988495,0.9999868869781494,0.43254178762435913,0.12468188256025314,-0.30304786562919617,0.9999691843986511,0.5846431851387024,0.17668786644935608,-0.26374679803848267,0.9937555193901062,0.4045804738998413,0.17372703552246094,-0.18854156136512756,0.9863604307174683,0.5886840224266052,0.22488026320934296,-0.38007888197898865,0.9782131314277649,0.3977297842502594,0.21512670814990997,-0.28639858961105347,0.9668211340904236,0.593420147895813,0.23957373201847076,-0.4182029962539673,0.9498748779296875,0.3927803337574005,0.23012079298496246,-0.31304922699928284,0.9312914609909058,0.5853274464607239,0.23909784853458405,-0.4684527516365051,0.9529004693031311,0.40208685398101807,0.2292967438697815,-0.35811054706573486,0.9362064003944397,0.5810044407844543,0.23415809869766235,-0.40020444989204407,0.9395967721939087,0.40701159834861755,0.22503164410591125,-0.30409321188926697,0.9230513572692871,0.5330924391746521,0.22012028098106384,-0.000746684439945966,0.99886554479599,0.4631413221359253,0.22250381112098694,0.0008162726880982518,0.9987289309501648,0.529840886592865,0.2919829487800598,-0.04829252138733864,0.9783077836036682,0.474026083946228,0.2934640645980835,-0.0718131959438324,0.9762614965438843,0.5172579288482666,0.36101290583610535,0.17682044208049774,0.9707841277122498,0.48414668440818787,0.36381858587265015,0.15130531787872314,0.9638800621032715,0.5133517384529114,0.36815157532691956,0.1875351369380951,0.8083952069282532,0.4880489706993103,0.3724575340747833,0.16237616539001465,0.7772256135940552,0.520302414894104,0.38318225741386414,-0.004243872128427029,0.958716869354248,0.4825883209705353,0.38337442278862,-0.035138215869665146,0.9541804790496826
40,0.4933971166610718,0.09560533612966537,-0.6256303191184998,0.9999599456787109,0.49807655811309814,0.08769800513982773,-0.6112948656082153,0.9998745918273926,0.5024746060371399,0.08681554347276688,-0.6113168001174927,0.9998827576637268,0.5070063471794128,0.08580964058637619,-0.6113919019699097,0.9998750686645508,0.48493555188179016,0.08895512670278549,-0.6075039505958557,0.9998552203178406,0.48034238815307617,0.08905139565467834,-0.6075981855392456,0.9998382329940796,0.4764069616794586,0.08925650268793106,-0.6076059937477112,0.9998220801353455,0.5128355026245117,0.08506143093109131,-0.4581303596496582,0.9998592734336853,0.47209006547927856,0.0896456390619278,-0.4413357377052307,0.9997849464416504,0.5041583776473999,0.10082028806209564,-0.5629748106002808,0.9999653697013855,0.4868423342704773,0.10318514704704285,-0.5581523180007935,0.9999589920043945,0.5638725757598877,0.1254516988992691,-0.3073776364326477,0.9999874830245972,0.4327287971973419,0.12490370124578476,-0.27407148480415344,0.9999704957008362,0.5849315524101257,0.17662405967712402,-0.2364649772644043,0.9941425323486328,0.40395259857177734,0.17351965606212616,-0.1737901270389557,0.9871121048927307,0.5914064049720764,0.22457323968410492,-0.365391343832016,0.9799214601516724,0.3972444534301758,0.21270717680454254,-0.28049013018608093,0.9687486290931702,0.595742404460907,0.2392728626728058,-0.39964407682418823,0.9534995555877686,0.3914796710014343,0.22743062674999237,-0.31085747480392456,0.9348227381706238,0.5879399180412292,0.23883464932441711,-0.4492737650871277,0.9563294649124146,0.4010203182697296,0.2269974797964096,-0.3584801256656647,0.9394760131835938,0.5837646722793579,0.2339099794626236,-0.3841949999332428,0.9438218474388123,0.40663576126098633,0.22287988662719727,-0.29988226294517517,0.926726222038269,0.532169759273529,0.22064308822155,0.000854754529427737,0.9989157915115356,0.46307072043418884,0.22264418005943298,-0.0007651799824088812,0.9987861514091492,0.5296821594238281,0.29232779145240784,-0.07117938250303268,0.9780979156494141,0.4735398292541504,0.2936876118183136,-0.09048166871070862,0.9768497943878174,0.5166956186294556,0.36171963810920715,0.11631371080875397,0.9705584049224854,0.484840452671051,0.36445918679237366,0.100723497569561,0.9640706181526184,0.5126704573631287,0.3700768053531647,0.12373333424329758,0.8142458200454712,0.4881742000579834,0.37391939759254456,0.10831137001514435,0.7778013944625854,0.5223590135574341,0.3831639587879181,-0.06275150924921036,0.9590021371841431,0.48318803310394287,0.3833809494972229,-0.08512110263109207,0.9543954730033875
41,0.49340328574180603,0.09558958560228348,-0.5906057357788086,0.9999630451202393,0.49810490012168884,0.08770774304866791,-0.5749718546867371,0.9998845458030701,0.5024941563606262,0.08684360980987549,-0.5750037431716919,0.9998921155929565,0.5070272088050842,0.08588332682847977,-0.5750768780708313,0.9998851418495178,0.4850171208381653,0.08895429968833923,-0.5718352794647217,0.9998663663864136,0.4805387258529663,0.0890473872423172,-0.571902871131897,0.9998505711555481,0.4765148162841797,0.08924373984336853,-0.5718830823898315,0.9998352527618408,0.5128408670425415,0.0853588879108429,-0.4208831489086151,0.9998705983161926,0.472320556640625,0.08965577930212021,-0.4069245457649231,0.9998003840446472,0.5041386485099792,0.10085875540971756,-0.5281137824058533,0.9999681115150452,0.4868510067462921,0.10316990315914154,-0.5241365432739258,0.9999620914459229,0.5629810690879822,0.12532548606395721,-0.2781548500061035,0.999988317489624,0.43285757303237915,0.1250840425491333,-0.24484577775001526,0.9999715089797974,0.5869690179824829,0.17582084238529205,-0.2076839953660965,0.9946058392524719,0.40335991978645325,0.17346525192260742,-0.1517810970544815,0.9878861904144287,0.5949390530586243,0.22318153083324432,-0.35253092646598816,0.9816516637802124,0.3972894549369812,0.21012048423290253,-0.2788838744163513,0.9708334803581238,0.5977039933204651,0.23763293027877808,-0.396688312292099,0.9572348594665527,0.3915296196937561,0.2246963083744049,-0.30835410952568054,0.9387763738632202,0.588873565196991,0.23636113107204437,-0.44894126057624817,0.9598585963249207,0.4010606110095978,0.22407445311546326,-0.3564889430999756,0.9431502223014832,0.5850297808647156,0.23188844323158264,-0.37237438559532166,0.9482105374336243,0.40679699182510376,0.21980759501457214,-0.2983172535896301,0.9308054447174072,0.5314764976501465,0.2210908681154251,0.0008215143461711705,0.9989877939224243,0.4626179039478302,0.22297364473342896,-0.0007375004934147,0.9988502860069275,0.5289056301116943,0.2922288775444031,-0.11424566805362701,0.9786255955696106,0.4732864797115326,0.29376915097236633,-0.08161277323961258,0.9773238897323608,0.5163776278495789,0.3621174991130829,0.05722956731915474,0.9713603854179382,0.4852093756198883,0.36437705159187317,0.09088049083948135,0.9645322561264038,0.5121786594390869,0.37118130922317505,0.06332022696733475,0.8224928975105286,0.4882122576236725,0.37371915578842163,0.09641215205192566,0.7799378037452698,0.522946834564209,0.3831920623779297,-0.12246722728013992,0.9604045152664185,0.4831753671169281,0.38299810886383057,-0.09027763456106186,0.955094039440155
42,0.4933944642543793,0.09578671306371689,-0.5773265957832336,0.9999657869338989,0.4980981945991516,0.08803257346153259,-0.5613572001457214,0.9998931884765625,0.5024616122245789,0.0872584879398346,-0.5613886713981628,0.9999001622200012,0.5070015788078308,0.08637432754039764,-0.5614463090896606,0.9998935461044312,0.48503294587135315,0.08914690464735031,-0.5594667196273804,0.9998762607574463,0.48060524463653564,0.08921316266059875,-0.5595458149909973,0.9998617172241211,0.4765619933605194,0.089384064078331,-0.5595343112945557,0.9998472929000854,0.5128211975097656,0.08586809039115906,-0.4024856984615326,0.9998801946640015,0.4724941849708557,0.08984234929084778,-0.3949319124221802,0.9998151063919067,0.5040545463562012,0.10129447281360626,-0.5127567052841187,0.9999704360961914,0.48685386776924133,0.10340383648872375,-0.5106382369995117,0.9999647736549377,0.562282919883728,0.1252371221780777,-0.25421378016471863,0.9999889731407166,0.43286773562431335,0.12543611228466034,-0.23482434451580048,0.9999722242355347,0.588548481464386,0.17381715774536133,-0.17993035912513733,0.9949797987937927,0.401581734418869,0.17307069897651672,-0.1549554169178009,0.9885599613189697,0.5964097380638123,0.21841034293174744,-0.3252251148223877,0.9830872416496277,0.39788922667503357,0.20496918261051178,-0.32069462537765503,0.9727312326431274,0.5991554260253906,0.233698770403862,-0.36974167823791504,0.9602195024490356,0.39334648847579956,0.21987178921699524,-0.36062091588974,0.9424404501914978,0.5905686616897583,0.23260538280010223,-0.4195142090320587,0.9626998901367188,0.4035242795944214,0.2186061292886734,-0.4046820104122162,0.946544885635376,0.5871960520744324,0.22857990860939026,-0.3460608720779419,0.9517563581466675,0.40873536467552185,0.21393150091171265,-0.3401361405849457,0.9345733523368835,0.5313423275947571,0.22141294181346893,0.0006674644537270069,0.9990438222885132,0.46258947253227234,0.22339609265327454,-0.0005847048596478999,0.998898983001709,0.5285759568214417,0.29223358631134033,-0.11257411539554596,0.9790129661560059,0.4732624292373657,0.2937462627887726,-0.08030034601688385,0.9774848222732544,0.5162532329559326,0.3623041808605194,0.062030185014009476,0.9718441367149353,0.4853830933570862,0.36430612206459045,0.09107393026351929,0.9648911952972412,0.5119858980178833,0.3713884949684143,0.0683247372508049,0.8292011022567749,0.4882400929927826,0.37356171011924744,0.09664006531238556,0.7823340892791748,0.5234466791152954,0.383188933134079,-0.11732172966003418,0.9616533517837524,0.48322612047195435,0.38287225365638733,-0.09063071757555008,0.9558244347572327
43,0.49409762024879456,0.09583549946546555,-0.5401900410652161,0.9999686479568481,0.4983871877193451,0.08813103288412094,-0.522819459438324,0.9999021887779236,0.502758264541626,0.08733651041984558,-0.5228644609451294,0.999908447265625,0.5071976780891418,0.08645133674144745,-0.5229121446609497,0.9999022483825684,0.4854632318019867,0.08929336071014404,-0.5218521356582642,0.9998866319656372,0.481190025806427,0.08937296271324158,-0.5219314098358154,0.9998733401298523,0.4770137071609497,0.08953798562288284,-0.5219253897666931,0.9998600482940674,0.512827455997467,0.08596020191907883,-0.3600630760192871,0.999890148639679,0.47268468141555786,0.09009361267089844,-0.3573807179927826,0.9998306632041931,0.5044960379600525,0.10134793072938919,-0.47452104091644287,0.9999728202819824,0.4876120686531067,0.10349320620298386,-0.4738416075706482,0.9999676942825317,0.5620148181915283,0.12497935444116592,-0.2159513384103775,0.9999896287918091,0.43330785632133484,0.1254626214504242,-0.2059587985277176,0.999972939491272,0.5887067317962646,0.1712457239627838,-0.1572752594947815,0.9952800273895264,0.4001457095146179,0.17178745567798615,-0.18370871245861053,0.9891769289970398,0.5967469215393066,0.2133798599243164,-0.32234540581703186,0.9843587875366211,0.3980347514152527,0.20036259293556213,-0.40629154443740845,0.9745022058486938,0.599920928478241,0.22936232388019562,-0.36962372064590454,0.9629165530204773,0.393999844789505,0.21495652198791504,-0.4569835960865021,0.946027398109436,0.5916677117347717,0.22865420579910278,-0.41897693276405334,0.9652807712554932,0.404953271150589,0.21377983689308167,-0.49799013137817383,0.9498825073242188,0.5883275866508484,0.2248624712228775,-0.3439551889896393,0.9550092816352844,0.41001367568969727,0.20903663337230682,-0.4264080226421356,0.9383472800254822,0.5312900543212891,0.22158415615558624,0.0006055545527487993,0.9991050362586975,0.462789386510849,0.22369687259197235,-0.0005203838809393346,0.9989575147628784,0.5283201336860657,0.29222822189331055,-0.12060373276472092,0.9796816110610962,0.4732637107372284,0.29373404383659363,-0.08113207668066025,0.9779262542724609,0.5160163640975952,0.3623359799385071,0.06205977872014046,0.9724463820457458,0.4853973388671875,0.36426156759262085,0.09141472727060318,0.9655009508132935,0.5116384625434875,0.3713301122188568,0.0692741721868515,0.8367353081703186,0.4882335662841797,0.37352749705314636,0.09723030030727386,0.7856416702270508,0.5235389471054077,0.3831704258918762,-0.11689005047082901,0.9630805850028992,0.48308631777763367,0.3828708529472351,-0.09010188281536102,0.9566283226013184
44,0.4949937164783478,0.09583906829357147,-0.4734196364879608,0.9999711513519287,0.49861952662467957,0.08814477920532227,-0.4547938108444214,0.9999102354049683,0.5028609037399292,0.08734115958213806,-0.4548566937446594,0.9999157190322876,0.5072179436683655,0.08645676076412201,-0.4548954963684082,0.9999098777770996,0.4861786961555481,0.0893876701593399,-0.45431801676750183,0.9998960494995117,0.48219266533851624,0.08951975405216217,-0.4543827772140503,0.9998838305473328,0.47811493277549744,0.08971253782510757,-0.45436936616897583,0.999871551990509,0.5126888155937195,0.08603179454803467,-0.29630449414253235,0.9998989701271057,0.4732268750667572,0.09042195975780487,-0.29611387848854065,0.9998446702957153,0.5049967169761658,0.10134933143854141,-0.4104097783565521,0.9999749064445496,0.48881039023399353,0.10352625697851181,-0.41043609380722046,0.9999702572822571,0.5617426037788391,0.1248592957854271,-0.1721574068069458,0.9999899864196777,0.43355438113212585,0.12576374411582947,-0.1610211431980133,0.9999727010726929,0.5899344682693481,0.16857868432998657,-0.1492891013622284,0.9955078959465027,0.398920476436615,0.17042411863803864,-0.1889144629240036,0.9895408749580383,0.5982480049133301,0.20848004519939423,-0.33443912863731384,0.9854413270950317,0.3987211585044861,0.19549912214279175,-0.4498562514781952,0.9759605526924133,0.6006758213043213,0.22435112297534943,-0.3907995820045471,0.9652916193008423,0.3954327404499054,0.20919208228588104,-0.5072602033615112,0.9491561055183411,0.5918735265731812,0.22356311976909637,-0.435602068901062,0.9675534963607788,0.4073937237262726,0.20764575898647308,-0.5418744087219238,0.9527828693389893,0.5888228416442871,0.2191057801246643,-0.3560539186000824,0.9578942060470581,0.4115821421146393,0.20324699580669403,-0.4686468243598938,0.9416248798370361,0.5312918424606323,0.22201497852802277,-0.00039645718061365187,0.9991499781608582,0.4632430076599121,0.2244272381067276,0.000494818901643157,0.9990041255950928,0.5278450846672058,0.2924043834209442,-0.10074462741613388,0.9798860549926758,0.4733761250972748,0.29377877712249756,-0.05996425077319145,0.9776772856712341,0.5159652233123779,0.3623259961605072,0.08040763437747955,0.972482442855835,0.4857881963253021,0.36424991488456726,0.10737252980470657,0.9656688570976257,0.5115559697151184,0.37124115228652954,0.08708549290895462,0.8418148756027222,0.48845699429512024,0.37343156337738037,0.11330703645944595,0.7877577543258667,0.5235908031463623,0.38310033082962036,-0.09131448715925217,0.9638508558273315,0.4829818308353424,0.38283881545066833,-0.07066432386636734,0.9567214846611023
45,0.4961773455142975,0.09584461152553558,-0.44321393966674805,0.9999736547470093,0.49921366572380066,0.0881728082895279,-0.4239025115966797,0.9999182224273682,0.5033230185508728,0.08735241740942001,-0.42396146059036255,0.9999231100082397,0.5074361562728882,0.0864645317196846,-0.42398801445961,0.9999176859855652,0.487308531999588,0.0895485207438469,-0.42398184537887573,0.9999054074287415,0.48342156410217285,0.0897691398859024,-0.4240400791168213,0.9998942613601685,0.4794982969760895,0.09001226723194122,-0.42401912808418274,0.9998829960823059,0.5126884579658508,0.08612415194511414,-0.26563000679016113,0.9999080300331116,0.4738025367259979,0.09088747203350067,-0.26769593358039856,0.9998586177825928,0.5059298872947693,0.1013593003153801,-0.38035276532173157,0.9999770522117615,0.49036967754364014,0.10356417298316956,-0.3810115456581116,0.9999728202819824,0.5617676377296448,0.12481733411550522,-0.14592134952545166,0.9999905228614807,0.4346981346607208,0.12571455538272858,-0.1295853853225708,0.9999727606773376,0.5922508835792542,0.16615799069404602,-0.1234167292714119,0.995780348777771,0.39764660596847534,0.16773076355457306,-0.16347086429595947,0.9899411797523499,0.5987600088119507,0.20156054198741913,-0.3338502049446106,0.9865675568580627,0.4001767039299011,0.18855711817741394,-0.4183492362499237,0.9775040149688721,0.60076504945755,0.21720905601978302,-0.3893224895000458,0.9678337574005127,0.3986779749393463,0.20222611725330353,-0.4736365079879761,0.9523486495018005,0.591918408870697,0.21602140367031097,-0.4340646266937256,0.9699652194976807,0.4108465015888214,0.20009082555770874,-0.5076706409454346,0.9557448029518127,0.5886655449867249,0.21080119907855988,-0.35534244775772095,0.9609489440917969,0.4140338897705078,0.19538164138793945,-0.43647608160972595,0.9450249671936035,0.5318489074707031,0.22200340032577515,-0.004593392368406057,0.9991854429244995,0.4641248285770416,0.22450274229049683,0.0046955253928899765,0.9990350604057312,0.5270599722862244,0.29243189096450806,-0.11711947619915009,0.9800910353660583,0.473396360874176,0.29392316937446594,-0.056149933487176895,0.9767451882362366,0.5159668922424316,0.3623116910457611,0.04490659013390541,0.9722773432731628,0.4863026440143585,0.3644653260707855,0.09310392290353775,0.9649776220321655,0.5116289258003235,0.3711766004562378,0.05001838505268097,0.8440932035446167,0.4895552396774292,0.3741164207458496,0.09620433300733566,0.789538562297821,0.5235844254493713,0.3830682337284088,-0.12789501249790192,0.9642682671546936,0.4820385277271271,0.3830792009830475,-0.08112740516662598,0.955859363079071
46,0.4971393048763275,0.09583960473537445,-0.4569818079471588,0.9999756813049316,0.5001508593559265,0.0881681889295578,-0.4369298815727234,0.9999248385429382,0.5042884945869446,0.08734171837568283,-0.4369931221008301,0.9999291300773621,0.5080358982086182,0.08645473420619965,-0.43702489137649536,0.9999239444732666,0.4882643520832062,0.08956829458475113,-0.43755462765693665,0.9999131560325623,0.48431357741355896,0.08981280773878098,-0.4376252591609955,0.9999029040336609,0.48046958446502686,0.09005845338106155,-0.4376107454299927,0.99989253282547,0.5129578113555908,0.08614621311426163,-0.2710854411125183,0.9999154806137085,0.47427505254745483,0.09100821614265442,-0.27605554461479187,0.999870240688324,0.506835401058197,0.10136042535305023,-0.39119505882263184,0.99997878074646,0.49140194058418274,0.10356119275093079,-0.39269572496414185,0.9999749660491943,0.561782717704773,0.12466033548116684,-0.14400681853294373,0.9999908804893494,0.4358963072299957,0.12548236548900604,-0.13636887073516846,0.9999719858169556,0.5926617980003357,0.1617007851600647,-0.1327885389328003,0.9959946274757385,0.39761361479759216,0.1637326031923294,-0.18465708196163177,0.9904314279556274,0.597838819026947,0.19563816487789154,-0.357546865940094,0.9875860810279846,0.4002973139286041,0.18101944029331207,-0.4871753752231598,0.9790796637535095,0.6004807949066162,0.2089761197566986,-0.4188447594642639,0.9701549410820007,0.39985930919647217,0.19447317719459534,-0.5499741435050964,0.9556732773780823,0.5916288495063782,0.20732001960277557,-0.46106094121932983,0.9721652269363403,0.41138792037963867,0.19168156385421753,-0.5818160176277161,0.9588308930397034,0.588022768497467,0.2029268592596054,-0.37856489419937134,0.9637057185173035,0.41404253244400024,0.18628817796707153,-0.5054963827133179,0.9485999941825867,0.532015860080719,0.22197680175304413,-0.004480460193008184,0.9992144703865051,0.4645695686340332,0.22446361184120178,0.004584675654768944,0.9990636110305786,0.5264992713928223,0.29240158200263977,-0.12351914495229721,0.9804864525794983,0.4734319746494293,0.2938655912876129,-0.07276551425457001,0.9764774441719055,0.5158911347389221,0.36112433671951294,0.054768312722444534,0.9718551635742188,0.48629388213157654,0.36477842926979065,0.08407256007194519,0.9646918773651123,0.5115074515342712,0.3695775866508484,0.061865516006946564,0.8468578457832336,0.4896647036075592,0.37456053495407104,0.08858325332403183,0.7909649610519409,0.5231013894081116,0.3828197121620178,-0.11845707148313522,0.9646215438842773,0.4806826114654541,0.38367271423339844,-0.09522754698991776,0.9553307890892029
47,0.4976945221424103,0.09569405019283295,-0.4432137906551361,0.9999772906303406,0.5007210373878479,0.08809281140565872,-0.4221564531326294,0.9999302625656128,0.5048365592956543,0.08724784106016159,-0.4222364127635956,0.9999340772628784,0.5084090232849121,0.08636045455932617,-0.4222816228866577,0.9999291300773621,0.48903214931488037,0.08954909443855286,-0.42214781045913696,0.9999193549156189,0.48510047793388367,0.08980610221624374,-0.4221993088722229,0.9999096989631653,0.4814145267009735,0.09005062282085419,-0.42216554284095764,0.9998997449874878,0.5131176114082336,0.08614128082990646,-0.25667497515678406,0.9999216198921204,0.4750281870365143,0.09101643413305283,-0.2587607204914093,0.9998788237571716,0.5073390007019043,0.10127231478691101,-0.3784348964691162,0.9999801516532898,0.49200257658958435,0.10328719019889832,-0.3791043162345886,0.9999765753746033,0.5617746114730835,0.12446688860654831,-0.14464972913265228,0.999991238117218,0.43735602498054504,0.12479878962039948,-0.12031885981559753,0.9999694228172302,0.5931794047355652,0.15895868837833405,-0.14381027221679688,0.9961951971054077,0.3977965712547302,0.16099637746810913,-0.18447411060333252,0.9907549619674683,0.5972315669059753,0.18905900418758392,-0.4213920533657074,0.9885598421096802,0.40113356709480286,0.1777394413948059,-0.49365806579589844,0.9803129434585571,0.6000658869743347,0.20159974694252014,-0.4892963469028473,0.9724264740943909,0.40153267979621887,0.1902688592672348,-0.5580427050590515,0.9583781957626343,0.5915642976760864,0.19983337819576263,-0.5282473564147949,0.974312424659729,0.4126490652561188,0.1873176395893097,-0.5890780687332153,0.9613353610038757,0.5879679322242737,0.19561396539211273,-0.44165968894958496,0.9663693308830261,0.41514432430267334,0.18281780183315277,-0.5122233033180237,0.951418399810791,0.5323479771614075,0.22133414447307587,-0.005853519309312105,0.9992507100105286,0.4650146961212158,0.22388742864131927,0.005976913496851921,0.9990921020507812,0.5262576937675476,0.2921975553035736,-0.1313575953245163,0.9808620810508728,0.4735662639141083,0.29315903782844543,-0.07321292161941528,0.9761797189712524,0.5158651471138,0.36093515157699585,0.04207337647676468,0.9719843864440918,0.4862367510795593,0.36456549167633057,0.08767736703157425,0.9645169973373413,0.5113147497177124,0.3694494068622589,0.048572853207588196,0.8504934906959534,0.4896368384361267,0.37448281049728394,0.0924839898943901,0.7926680445671082,0.5227936506271362,0.38276761770248413,-0.13351178169250488,0.9652747511863708,0.4789908528327942,0.383674293756485,-0.09008810669183731,0.9551107883453369
48,0.49819889664649963,0.09515997767448425,-0.38975095748901367,0.9999787211418152,0.5014902949333191,0.08754163235425949,-0.36831745505332947,0.9999353885650635,0.5056833624839783,0.08670657128095627,-0.3683801293373108,0.9999386668205261,0.5090018510818481,0.0859212726354599,-0.3684144616127014,0.9999337792396545,0.4895395338535309,0.08915029466152191,-0.3685922920703888,0.999925434589386,0.4855559766292572,0.08947937190532684,-0.3686373829841614,0.9999164938926697,0.4819524586200714,0.08978980034589767,-0.3685859441757202,0.9999071955680847,0.5139219164848328,0.08610305935144424,-0.206774041056633,0.9999275207519531,0.4756604731082916,0.0909884124994278,-0.20994561910629272,0.9998881816864014,0.5078884959220886,0.10089985281229019,-0.32669705152511597,0.9999815225601196,0.49236032366752625,0.10263844579458237,-0.3276061415672302,0.9999783039093018,0.5617716312408447,0.123944491147995,-0.10341552644968033,0.9999914169311523,0.4382580816745758,0.12443169206380844,-0.08627983927726746,0.9999684691429138,0.5967061519622803,0.15814362466335297,-0.14618612825870514,0.996248185634613,0.3979828953742981,0.16021831333637238,-0.1797516644001007,0.9911617040634155,0.5968725681304932,0.18153834342956543,-0.4241827428340912,0.989245593547821,0.4033001661300659,0.17148491740226746,-0.49234241247177124,0.9817114472389221,0.5988713502883911,0.19355203211307526,-0.49531289935112,0.9740773439407349,0.40459761023521423,0.18029120564460754,-0.5597990155220032,0.9613502025604248,0.5891647934913635,0.19086475670337677,-0.528512716293335,0.9758638739585876,0.4155353307723999,0.1766752302646637,-0.5847256779670715,0.9640812277793884,0.5851275324821472,0.18637524545192719,-0.4431459307670593,0.9682583212852478,0.4173962473869324,0.17303615808486938,-0.5087270140647888,0.9546351432800293,0.5325300097465515,0.22117410600185394,-0.007533268537372351,0.999285876750946,0.46507441997528076,0.22364690899848938,0.007660906296223402,0.9991230964660645,0.5261954665184021,0.2919383645057678,-0.14242520928382874,0.9814245700836182,0.47364869713783264,0.29254427552223206,-0.06810971349477768,0.9759036898612976,0.5157740116119385,0.3609411120414734,0.03914059326052666,0.9720795154571533,0.48620352149009705,0.36391177773475647,0.09038667380809784,0.9642860889434814,0.5112383961677551,0.3694673776626587,0.04673292487859726,0.8529025316238403,0.48962169885635376,0.37370726466178894,0.09564681351184845,0.795212984085083,0.5209606289863586,0.38287675380706787,-0.13059952855110168,0.9657071232795715,0.47673481702804565,0.3837127387523651,-0.0683170035481453,0.9547610282897949
49,0.49841970205307007,0.09498832374811172,-0.3511367440223694,0.9999796152114868,0.5020958185195923,0.08726046979427338,-0.32986319065093994,0.9999393820762634,0.5064148902893066,0.08646556735038757,-0.32994192838668823,0.9999421834945679,0.5096275806427002,0.08575549721717834,-0.32999783754348755,0.9999373555183411,0.48983097076416016,0.08892778307199478,-0.32899442315101624,0.9999297261238098,0.48582521080970764,0.08929405361413956,-0.32902291417121887,0.9999209642410278,0.48224973678588867,0.08962475508451462,-0.32898449897766113,0.9999120831489563,0.5149012804031372,0.08611266314983368,-0.16622211039066315,0.9999322891235352,0.47604143619537354,0.09098395705223083,-0.16444048285484314,0.9998952746391296,0.5082007050514221,0.10084564983844757,-0.28722965717315674,0.9999826550483704,0.49248364567756653,0.10238147526979446,-0.286728173494339,0.9999797344207764,0.5617742538452148,0.12360906600952148,-0.05962582305073738,0.9999917149543762,0.4395696520805359,0.12352351099252701,-0.04021095857024193,0.9999676942825317,0.5995793342590332,0.1579301357269287,-0.13898012042045593,0.9962304830551147,0.3976975977420807,0.1537831872701645,-0.12980467081069946,0.9915083050727844,0.596646249294281,0.17125262320041656,-0.45810171961784363,0.9899045825004578,0.4077799320220947,0.16794706881046295,-0.4483776092529297,0.9826701879501343,0.5976143479347229,0.18348297476768494,-0.5360891819000244,0.9756669402122498,0.410221129655838,0.1758064329624176,-0.5113702416419983,0.963348388671875,0.5871443748474121,0.17790403962135315,-0.5615956783294678,0.977349579334259,0.42060568928718567,0.17293643951416016,-0.5371506214141846,0.96588534116745,0.5837923288345337,0.17271147668361664,-0.4750291109085083,0.9699352979660034,0.4218650758266449,0.169637069106102,-0.4647020697593689,0.9565973877906799,0.532833456993103,0.22092624008655548,-0.007455743849277496,0.9993129968643188,0.4651305675506592,0.22311443090438843,0.007603888865560293,0.9991428852081299,0.5261507630348206,0.29189494252204895,-0.1476861834526062,0.9815736413002014,0.4737676680088043,0.29215335845947266,-0.06766820698976517,0.9753525257110596,0.5157676935195923,0.36119943857192993,0.037023648619651794,0.9716117978096008,0.4860154986381531,0.3637428283691406,0.0947873517870903,0.9630460143089294,0.5112059712409973,0.3697498142719269,0.045415885746479034,0.8557443618774414,0.4895000755786896,0.3732451796531677,0.10178553313016891,0.7949553728103638,0.520900309085846,0.38313722610473633,-0.13358300924301147,0.9654140472412109,0.4759368300437927,0.38378971815109253,-0.0641091912984848,0.9528394341468811
50,0.49919047951698303,0.09466536343097687,-0.2583220601081848,0.9999808669090271,0.5030876398086548,0.0869569256901741,-0.2359619289636612,0.9999440908432007,0.5073345899581909,0.0861818939447403,-0.2360324114561081,0.9999462962150574,0.5104407668113708,0.08552528917789459,-0.2360786497592926,0.9999418258666992,0.4905751049518585,0.08871763199567795,-0.2365899235010147,0.9999351501464844,0.48644521832466125,0.08912993967533112,-0.23660103976726532,0.999926745891571,0.48273172974586487,0.08948971331119537,-0.23655663430690765,0.9999187588691711,0.5160574316978455,0.08611658215522766,-0.07455343008041382,0.9999375939369202,0.476272851228714,0.09097836911678314,-0.08020394295454025,0.9999038577079773,0.5088169574737549,0.10063137114048004,-0.19542980194091797,0.9999839067459106,0.4930711090564728,0.10195346921682358,-0.19707611203193665,0.9999812841415405,0.561345636844635,0.12228066474199295,0.02076178789138794,0.9999920725822449,0.4417559802532196,0.12188943475484848,0.027574075385928154,0.9999681115150452,0.6005842089653015,0.15527823567390442,-0.07085970044136047,0.9962581992149353,0.3977530002593994,0.15014050900936127,-0.0703112781047821,0.9918758869171143,0.5962963700294495,0.1660982072353363,-0.44402575492858887,0.9906477928161621,0.40986260771751404,0.16151492297649384,-0.3845212459564209,0.9838510155677795,0.5938422083854675,0.17668934166431427,-0.48027122020721436,0.9774065017700195,0.41497376561164856,0.169618159532547,-0.450471967458725,0.9657405614852905,0.582871675491333,0.17165343463420868,-0.5464123487472534,0.9789523482322693,0.4239526391029358,0.16537334024906158,-0.4670436978340149,0.9680715203285217,0.5804471373558044,0.16746841371059418,-0.4485907554626465,0.9718434810638428,0.42441636323928833,0.16236791014671326,-0.3975103199481964,0.9591678380966187,0.5328397750854492,0.2204771637916565,-0.007390331942588091,0.999340832233429,0.46514981985092163,0.22262787818908691,0.007554258219897747,0.9991753697395325,0.5261259078979492,0.2918756306171417,-0.145567387342453,0.9814022183418274,0.47401291131973267,0.2917308211326599,-0.06220961734652519,0.9743123054504395,0.5157611966133118,0.36184948682785034,0.04815166816115379,0.9704836010932922,0.4859929382801056,0.3637448251247406,0.09832926839590073,0.9620873928070068,0.5111457705497742,0.3706277906894684,0.05562714487314224,0.85727858543396,0.48948752880096436,0.37325331568717957,0.10441242158412933,0.7969213128089905,0.5207144021987915,0.38324204087257385,-0.12201248109340668,0.9645856618881226,0.4749244451522827,0.3839535713195801,-0.06413828581571579,0.9513469338417053
51,0.4992821514606476,0.09438791871070862,-0.25022274255752563,0.9999818801879883,0.5032392144203186,0.08680962026119232,-0.22683817148208618,0.9999482035636902,0.5075297951698303,0.08603885769844055,-0.2268974930047989,0.9999499320983887,0.5106371641159058,0.08539705723524094,-0.2269461452960968,0.9999458193778992,0.49077126383781433,0.08861254900693893,-0.22825516760349274,0.9999398589134216,0.4866058826446533,0.08905217796564102,-0.22828249633312225,0.9999318718910217,0.48290371894836426,0.0894211158156395,-0.22823183238506317,0.9999247193336487,0.5163683891296387,0.08615382760763168,-0.0627443790435791,0.9999422430992126,0.4764057397842407,0.09097523242235184,-0.07199963927268982,0.999911367893219,0.5089486837387085,0.1004016324877739,-0.18655993044376373,0.999984860420227,0.49315083026885986,0.10158243030309677,-0.18930289149284363,0.9999825358390808,0.5605419874191284,0.12092271447181702,0.026136670261621475,0.999992311000824,0.44307103753089905,0.1210615485906601,0.025035597383975983,0.9999658465385437,0.6013606786727905,0.15141578018665314,-0.08669684082269669,0.9962438941001892,0.39819198846817017,0.1476914882659912,-0.09619028121232986,0.9922154545783997,0.5958998203277588,0.16115523874759674,-0.4140033721923828,0.9913300275802612,0.41229817271232605,0.15704651176929474,-0.3848515450954437,0.9848664999008179,0.5911931991577148,0.1701013743877411,-0.4817175269126892,0.979010283946991,0.4187314212322235,0.16442832350730896,-0.46240806579589844,0.9677844643592834,0.5798072218894958,0.16477592289447784,-0.511950671672821,0.9804226160049438,0.4273887276649475,0.15914231538772583,-0.47655341029167175,0.9699256420135498,0.5778999328613281,0.16124342381954193,-0.4269862473011017,0.9735885858535767,0.42790716886520386,0.1569339781999588,-0.4060574769973755,0.9613232016563416,0.5333291292190552,0.21985086798667908,-0.007480250671505928,0.9993601441383362,0.465926855802536,0.22213412821292877,0.007668066769838333,0.9991927742958069,0.5261327028274536,0.29167625308036804,-0.11322664469480515,0.9812167286872864,0.47444266080856323,0.29155048727989197,-0.05855169892311096,0.9728937745094299,0.5157713890075684,0.3618752658367157,0.06220875307917595,0.9689949154853821,0.48604917526245117,0.3638944625854492,0.09984005987644196,0.9602899551391602,0.5111929774284363,0.3706223666667938,0.07010700553655624,0.8551707863807678,0.48949092626571655,0.3734440505504608,0.10592583566904068,0.7936626076698303,0.5207287669181824,0.3832396864891052,-0.09545381367206573,0.9631217122077942,0.47647568583488464,0.3839523196220398,-0.06026240438222885,0.9482846856117249
52,0.49932658672332764,0.09437897056341171,-0.23081541061401367,0.9999819397926331,0.5033969283103943,0.08681460469961166,-0.20912139117717743,0.999951183795929,0.5077344179153442,0.08604171872138977,-0.20919208228588104,0.999952495098114,0.5108720064163208,0.08540218323469162,-0.209237739443779,0.9999488592147827,0.490947425365448,0.08862444013357162,-0.20937737822532654,0.9999426603317261,0.4867670238018036,0.08907153457403183,-0.20938579738140106,0.9999346137046814,0.4830690622329712,0.089433453977108,-0.20932339131832123,0.9999278783798218,0.5166974067687988,0.08635718375444412,-0.050815023481845856,0.9999460577964783,0.4764753580093384,0.09107568860054016,-0.05348873883485794,0.9999158382415771,0.5090165734291077,0.10040169209241867,-0.1689196527004242,0.9999851584434509,0.49317049980163574,0.10154011100530624,-0.16990341246128082,0.9999828934669495,0.5602148771286011,0.11978638172149658,0.014322719536721706,0.9999920725822449,0.4441801607608795,0.12080401927232742,0.020732730627059937,0.9999538660049438,0.6006039381027222,0.1471862494945526,-0.15375371277332306,0.9957252740859985,0.40078964829444885,0.1451181322336197,-0.15026181936264038,0.9920004606246948,0.5917037129402161,0.15723630785942078,-0.49484655261039734,0.9916706681251526,0.4148232042789459,0.1521521359682083,-0.49059170484542847,0.9847070574760437,0.5874540209770203,0.1655735969543457,-0.5768228769302368,0.980039119720459,0.42014777660369873,0.1578730046749115,-0.5635757446289062,0.9677474498748779,0.5761842131614685,0.16134428977966309,-0.5903053283691406,0.9813371896743774,0.42928677797317505,0.15373525023460388,-0.5728806853294373,0.9697728753089905,0.5739580988883972,0.15854234993457794,-0.508134663105011,0.9746044278144836,0.4307883083820343,0.15245001018047333,-0.503048837184906,0.9609912633895874,0.5338141918182373,0.21952210366725922,-0.007498104590922594,0.9993776082992554,0.4665859639644623,0.22179347276687622,0.0076902564615011215,0.9991909265518188,0.5261300206184387,0.2917245328426361,-0.047587234526872635,0.9815784692764282,0.47461795806884766,0.29150617122650146,-0.022211002185940742,0.9725006818771362,0.5159937739372253,0.36121711134910583,0.14057303965091705,0.968029260635376,0.48603904247283936,0.36383184790611267,0.152691051363945,0.9592887759208679,0.5112388730049133,0.3692227303981781,0.14984934031963348,0.8475819826126099,0.4892805814743042,0.3732834756374359,0.16081099212169647,0.7847765684127808,0.5207390189170837,0.3832012116909027,-0.018215425312519073,0.9619750380516052,0.4773101806640625,0.38394981622695923,-0.011545239947736263,0.9467544555664062
53,0.4995584487915039,0.09437182545661926,-0.1925681233406067,0.9999827742576599,0.5037058591842651,0.08681956678628922,-0.17067478597164154,0.9999549984931946,0.5080779194831848,0.08604594320058823,-0.17073899507522583,0.999955952167511,0.5112355351448059,0.08540381491184235,-0.1707807034254074,0.9999527335166931,0.491277277469635,0.08862719684839249,-0.1710670292377472,0.9999468922615051,0.48714080452919006,0.08907242119312286,-0.17106178402900696,0.9999391436576843,0.48349207639694214,0.08943215757608414,-0.17098449170589447,0.9999329447746277,0.5169864296913147,0.08647336810827255,-0.015323075465857983,0.9999504685401917,0.4766043722629547,0.0911402478814125,-0.018956482410430908,0.9999223351478577,0.5092255473136902,0.10040310770273209,-0.13217316567897797,0.9999858736991882,0.49333569407463074,0.1014452874660492,-0.1334293931722641,0.9999837279319763,0.5594701766967773,0.11905514448881149,0.0392347052693367,0.999991238117218,0.4455323815345764,0.1201435998082161,0.036610767245292664,0.9999462366104126,0.5992767214775085,0.14456519484519958,-0.16223891079425812,0.9949049949645996,0.4036979377269745,0.1402074247598648,-0.16958633065223694,0.9918964505195618,0.587249755859375,0.1526150405406952,-0.4932279884815216,0.9917921423912048,0.4188840687274933,0.14734424650669098,-0.5058848261833191,0.9845802783966064,0.5838398337364197,0.16016387939453125,-0.5731089115142822,0.9806373715400696,0.4236864447593689,0.15287825465202332,-0.575809121131897,0.9676576852798462,0.5733048915863037,0.155837744474411,-0.5825234055519104,0.9818283915519714,0.4341597259044647,0.15002180635929108,-0.5814205408096313,0.969542920589447,0.5710407495498657,0.15343733131885529,-0.5054980516433716,0.9751104712486267,0.4361673891544342,0.14901378750801086,-0.5163771510124207,0.9606566429138184,0.5346046090126038,0.21953120827674866,-0.0074743651784956455,0.9994040727615356,0.46721339225769043,0.22180119156837463,0.0076585812494158745,0.9992135167121887,0.5262406468391418,0.2917817234992981,-0.061133068054914474,0.9820646643638611,0.47495952248573303,0.291512668132782,-0.02603542059659958,0.9729970693588257,0.5162705183029175,0.3606499433517456,0.12077033519744873,0.9674189686775208,0.48616430163383484,0.3638175427913666,0.14029806852340698,0.9596858620643616,0.5112529993057251,0.36847081780433655,0.12954311072826385,0.845888078212738,0.48929476737976074,0.3732767105102539,0.14736956357955933,0.7822491526603699,0.5216153860092163,0.38287460803985596,-0.031269755214452744,0.9614392518997192,0.4775714874267578,0.3838014006614685,-0.02078685350716114,0.9466610550880432
54,0.49994558095932007,0.0942063108086586,-0.18901535868644714,0.9999823570251465,0.5044267773628235,0.08669055998325348,-0.16757847368717194,0.9999572038650513,0.5087555646896362,0.0859098881483078,-0.16764618456363678,0.9999576807022095,0.5118967890739441,0.08526991307735443,-0.16768451035022736,0.9999549984931946,0.4917517900466919,0.08851233124732971,-0.1685502678155899,0.9999488592147827,0.48758935928344727,0.08896435797214508,-0.16855135560035706,0.9999406933784485,0.4838775098323822,0.08931105583906174,-0.16849054396152496,0.9999346733093262,0.5176637768745422,0.08647217601537704,-0.011817599646747112,0.9999533891677856,0.4767438471317291,0.09113793075084686,-0.017768630757927895,0.9999252557754517,0.5095334053039551,0.10031027346849442,-0.12816469371318817,0.9999854564666748,0.4935191869735718,0.10120070725679398,-0.1301387995481491,0.9999829530715942,0.5584454536437988,0.11718359589576721,0.03684382140636444,0.9999890327453613,0.4461369216442108,0.11948363482952118,0.02950933948159218,0.9999228715896606,0.5974040627479553,0.14149777591228485,-0.1895657330751419,0.9937874674797058,0.40944910049438477,0.13805978000164032,-0.20817576348781586,0.9901385307312012,0.5852908492088318,0.14849169552326202,-0.519969642162323,0.9916298985481262,0.4221733510494232,0.1428806185722351,-0.556005597114563,0.981611430644989,0.5824019908905029,0.1558123677968979,-0.5984557271003723,0.9807866811752319,0.42538806796073914,0.14685748517513275,-0.6273318529129028,0.9635780453681946,0.571654200553894,0.15173649787902832,-0.6055871248245239,0.9818936586380005,0.43646275997161865,0.14523743093013763,-0.6327604651451111,0.9655376076698303,0.5693134069442749,0.1494981199502945,-0.5315697193145752,0.9750533103942871,0.440105140209198,0.14503031969070435,-0.5674423575401306,0.9558845162391663,0.535400390625,0.21919845044612885,-0.006217185873538256,0.9994165897369385,0.4677852392196655,0.22148218750953674,0.006400871556252241,0.9992163777351379,0.5262759923934937,0.2916111350059509,-0.043259888887405396,0.9825006127357483,0.47518548369407654,0.2914479374885559,-0.028697678819298744,0.9735742807388306,0.5167887210845947,0.35972338914871216,0.12200166285037994,0.967251181602478,0.48629528284072876,0.36356088519096375,0.1367277354001999,0.9604835510253906,0.5119480490684509,0.36738845705986023,0.12907886505126953,0.844428300857544,0.489307701587677,0.3732339143753052,0.1455898880958557,0.7795209288597107,0.5216367244720459,0.38210371136665344,-0.032622575759887695,0.9613911509513855,0.47758620977401733,0.3837234675884247,-0.03089669905602932,0.947357177734375
55,0.4997762143611908,0.09418866038322449,-0.16803911328315735,0.9999822974205017,0.5044375658035278,0.08665082603693008,-0.14869087934494019,0.9999596476554871,0.5088599324226379,0.08585940301418304,-0.1487378031015396,0.9999598264694214,0.5120945572853088,0.0852092057466507,-0.14876434206962585,0.9999575614929199,0.49173596501350403,0.08849086612462997,-0.14781604707241058,0.9999510049819946,0.4875737428665161,0.08893653750419617,-0.14780139923095703,0.9999428391456604,0.48386478424072266,0.08926568180322647,-0.14773137867450714,0.999937117099762,0.5182417035102844,0.08648303896188736,-0.000628720794338733,0.9999566078186035,0.47674837708473206,0.09114036709070206,0.0020944459829479456,0.9999290704727173,0.5095185041427612,0.10031162947416306,-0.11000912636518478,0.9999854564666748,0.49342674016952515,0.10119238495826721,-0.10944811999797821,0.9999825358390808,0.5579278469085693,0.11592846363782883,0.03873646259307861,0.999987781047821,0.4481184780597687,0.11779536306858063,0.03715329244732857,0.9999074935913086,0.5961366295814514,0.14040035009384155,-0.21088287234306335,0.9930153489112854,0.41190993785858154,0.13402122259140015,-0.22518546879291534,0.9888955354690552,0.5831712484359741,0.1470707207918167,-0.5365298986434937,0.9917104244232178,0.426805704832077,0.13816875219345093,-0.5766143202781677,0.9802663922309875,0.5805900692939758,0.1532682329416275,-0.6133951544761658,0.9812383651733398,0.4293821156024933,0.14283964037895203,-0.6466675400733948,0.9619317054748535,0.5684328079223633,0.15025594830513,-0.618666410446167,0.9822508692741394,0.44409459829330444,0.14267459511756897,-0.6479071378707886,0.9637952446937561,0.5662683248519897,0.14834587275981903,-0.5474344491958618,0.9754709601402283,0.4476351737976074,0.1423877626657486,-0.5865947008132935,0.9539046883583069,0.5361697673797607,0.21830537915229797,-0.00556333689019084,0.9994336366653442,0.4685547947883606,0.22030407190322876,0.005715739913284779,0.999228298664093,0.5265060663223267,0.29131877422332764,-0.049235597252845764,0.9827877283096313,0.47562074661254883,0.2913675308227539,-0.02946333773434162,0.9737474322319031,0.5167897343635559,0.3601788878440857,0.10271620750427246,0.9666534066200256,0.4868113696575165,0.3635762929916382,0.108113132417202,0.960359513759613,0.5119433999061584,0.36778146028518677,0.10439164936542511,0.8381956219673157,0.4895542860031128,0.37323465943336487,0.11170656234025955,0.7724466323852539,0.5216987133026123,0.3827287256717682,-0.045976728200912476,0.9606947302818298,0.47896167635917664,0.3842622935771942,-0.04909852519631386,0.9470391273498535
56,0.49975818395614624,0.09419053047895432,-0.17832371592521667,0.9999829530715942,0.5046617388725281,0.08665311336517334,-0.15891684591770172,0.9999624490737915,0.5091822743415833,0.08586183935403824,-0.1589483618736267,0.999962568283081,0.5125206112861633,0.08520679175853729,-0.15897302329540253,0.9999606013298035,0.491732120513916,0.08848464488983154,-0.15720653533935547,0.9999538660049438,0.4875654876232147,0.08891885727643967,-0.15716300904750824,0.9999460577964783,0.4838426411151886,0.08922634273767471,-0.1570546180009842,0.9999405741691589,0.5191296339035034,0.08651942759752274,-0.014635183848440647,0.99996018409729,0.47674989700317383,0.09114082157611847,-0.007712020538747311,0.9999336004257202,0.5095106363296509,0.10036805272102356,-0.12211167812347412,0.9999859929084778,0.49341174960136414,0.10120082646608353,-0.12033142149448395,0.9999827146530151,0.5578139424324036,0.11569568514823914,0.006768635008484125,0.9999873042106628,0.44941508769989014,0.11715584248304367,0.02203296311199665,0.99989253282547,0.5921083688735962,0.1380644589662552,-0.2954259514808655,0.9926155805587769,0.4134570360183716,0.1319362372159958,-0.2831469774246216,0.9872066378593445,0.5815871953964233,0.1448480486869812,-0.6331204175949097,0.991943359375,0.42845672369003296,0.13677529990673065,-0.6541165113449097,0.9790260195732117,0.579231858253479,0.1507890224456787,-0.7137216925621033,0.982047975063324,0.43061986565589905,0.14075660705566406,-0.7283240556716919,0.9608954787254333,0.566480815410614,0.1480492204427719,-0.7153792381286621,0.982958197593689,0.4463103115558624,0.14070828258991241,-0.7255769968032837,0.9626057744026184,0.5644716024398804,0.14623957872390747,-0.6435094475746155,0.9764003157615662,0.4503896236419678,0.1406361162662506,-0.6641076803207397,0.9525845646858215,0.5366998314857483,0.21813832223415375,-0.011069037020206451,0.9994627237319946,0.4689593017101288,0.21999020874500275,0.01114716287702322,0.99925297498703,0.52643221616745,0.2918414771556854,-0.05097491666674614,0.9836117625236511,0.4756860136985779,0.29168084263801575,-0.005103002302348614,0.9744502305984497,0.5164887309074402,0.3608032166957855,0.10683201998472214,0.9671522974967957,0.4870189428329468,0.36357221007347107,0.13489095866680145,0.9614847898483276,0.5119410753250122,0.3683932423591614,0.11121882498264313,0.8311327695846558,0.4897615909576416,0.37322813272476196,0.13905148208141327,0.771715521812439,0.5195743441581726,0.38276001811027527,-0.0445907786488533,0.9608990550041199,0.47588756680488586,0.38428306579589844,-0.01285181287676096,0.9483787417411804
57,0.4998627305030823,0.09419715404510498,-0.1802089512348175,0.9999828934669495,0.5051218271255493,0.08669339865446091,-0.16032202541828156,0.9999643564224243,0.5095263719558716,0.08592769503593445,-0.16036206483840942,0.9999642372131348,0.5128269195556641,0.08526453375816345,-0.16039060056209564,0.9999626278877258,0.49200868606567383,0.088479183614254,-0.16024456918239594,0.9999552965164185,0.4877954423427582,0.08890009671449661,-0.1602061241865158,0.9999472498893738,0.48399415612220764,0.08919253200292587,-0.16010326147079468,0.9999416470527649,0.5192857384681702,0.08663106709718704,-0.013699264265596867,0.9999628663063049,0.4767775237560272,0.09115183353424072,-0.013994602486491203,0.9999356865882874,0.5095464587211609,0.1004728376865387,-0.12295164912939072,0.999985933303833,0.49344250559806824,0.10120891779661179,-0.12327269464731216,0.9999818801879883,0.5573034882545471,0.1156373918056488,0.003934335894882679,0.9999860525131226,0.44919276237487793,0.11735804378986359,0.011921622790396214,0.9998701214790344,0.5895293354988098,0.13685113191604614,-0.2947362959384918,0.991428554058075,0.4162718951702118,0.1305483728647232,-0.29478558897972107,0.985122799873352,0.578879177570343,0.1447003185749054,-0.6328416466712952,0.9917307496070862,0.4325798451900482,0.13741710782051086,-0.654414176940918,0.9761163592338562,0.5761054158210754,0.15025177597999573,-0.7138539552688599,0.9821907877922058,0.43399903178215027,0.14086852967739105,-0.7275059819221497,0.9574794173240662,0.5629714131355286,0.14815567433834076,-0.7164993286132812,0.9830242395401001,0.4507020115852356,0.1414317637681961,-0.7259377241134644,0.9591391086578369,0.5609367489814758,0.1466624140739441,-0.6438109874725342,0.9764993190765381,0.45473742485046387,0.14157769083976746,-0.6646032929420471,0.9487238526344299,0.5368989109992981,0.2183087021112442,-0.010749896988272667,0.999488890171051,0.4691162705421448,0.22001545131206512,0.010830651037395,0.9992733597755432,0.5264140367507935,0.2927408516407013,-0.04868682846426964,0.9840782284736633,0.4757262170314789,0.29197996854782104,-0.0037353909574449062,0.9747353792190552,0.5164144039154053,0.36125123500823975,0.1161574125289917,0.9670940041542053,0.48718658089637756,0.36354780197143555,0.14703898131847382,0.9620770812034607,0.5119594931602478,0.36854442954063416,0.12235384434461594,0.825000524520874,0.49015599489212036,0.37300121784210205,0.15243332087993622,0.7688636183738708,0.5196082592010498,0.38282427191734314,-0.03456541895866394,0.9605796337127686,0.4759185314178467,0.3842775523662567,-0.001020094146952033,0.9491658210754395
58,0.4997078776359558,0.09453384578227997,-0.18104144930839539,0.9999822974205017,0.5051069259643555,0.08709967136383057,-0.16263805329799652,0.999965250492096,0.5095452070236206,0.08637025952339172,-0.16267448663711548,0.9999648928642273,0.5128619074821472,0.08569567650556564,-0.1627027988433838,0.999963641166687,0.49195489287376404,0.08863086998462677,-0.16077323257923126,0.999955415725708,0.48772090673446655,0.08899243175983429,-0.1607246994972229,0.9999468922615051,0.48381930589675903,0.08926748484373093,-0.1606186479330063,0.9999409317970276,0.519378662109375,0.08686277270317078,-0.023541443049907684,0.9999649524688721,0.4767152667045593,0.09122613817453384,-0.01563749462366104,0.999935507774353,0.5094683170318604,0.10087611526250839,-0.12667691707611084,0.9999852776527405,0.49334853887557983,0.10162268579006195,-0.12459857761859894,0.9999798536300659,0.557277500629425,0.11571875214576721,-0.003315048525109887,0.9999837875366211,0.44934484362602234,0.11748864501714706,0.006617145147174597,0.9998467564582825,0.5874449014663696,0.13659735023975372,-0.326127827167511,0.9903522729873657,0.41891372203826904,0.12958906590938568,-0.31441056728363037,0.9819393157958984,0.5778487324714661,0.14473898708820343,-0.6533459424972534,0.9913274049758911,0.43444162607192993,0.13660551607608795,-0.6815343499183655,0.9729125499725342,0.5752213001251221,0.1490647941827774,-0.7318854331970215,0.982055127620697,0.43483614921569824,0.13955777883529663,-0.7554415464401245,0.9541513323783875,0.5610312223434448,0.14785662293434143,-0.7335796356201172,0.9828065633773804,0.45152783393859863,0.1404232233762741,-0.7514514923095703,0.9556944966316223,0.5583789348602295,0.14683368802070618,-0.6637176871299744,0.9762720465660095,0.4559447765350342,0.14081019163131714,-0.6916163563728333,0.9449427127838135,0.5370822548866272,0.21845553815364838,-0.01433821301907301,0.9995059967041016,0.4694957733154297,0.2200375348329544,0.014391889795660973,0.9992870092391968,0.5264309644699097,0.29273712635040283,-0.04528704658150673,0.9846659898757935,0.4758882224559784,0.2920609414577484,0.00908722635358572,0.975426435470581,0.5163369178771973,0.36129435896873474,0.11601820588111877,0.9673179984092712,0.48822423815727234,0.3634403944015503,0.15418650209903717,0.9632429480552673,0.5119748115539551,0.3685581088066101,0.12220688909292221,0.8187889456748962,0.4915110170841217,0.3728545010089874,0.15918636322021484,0.7708591222763062,0.5191178321838379,0.38274946808815,-0.030766956508159637,0.9605039358139038,0.47548744082450867,0.3839999735355377,0.01233990304172039,0.9504591822624207
59,0.49929526448249817,0.09500440210103989,-0.1682644635438919,0.9999812245368958,0.5050889849662781,0.0875508114695549,-0.15013936161994934,0.9999656677246094,0.5095618963241577,0.08681933581829071,-0.15018154680728912,0.9999650716781616,0.5129193067550659,0.08612550050020218,-0.15020751953125,0.9999642372131348,0.4917660653591156,0.08889427781105042,-0.1475265771150589,0.9999549388885498,0.48753634095191956,0.08919453620910645,-0.14747372269630432,0.9999458193778992,0.4835143983364105,0.08945722877979279,-0.14736856520175934,0.9999396800994873,0.5196166634559631,0.08707716315984726,-0.012225452810525894,0.9999666213989258,0.47667112946510315,0.09133100509643555,-0.0007738683489151299,0.99993497133255,0.5093007683753967,0.10139880329370499,-0.11412203311920166,0.9999840259552002,0.49304962158203125,0.10210279375314713,-0.11108946055173874,0.9999770522117615,0.5572890639305115,0.11575182527303696,-0.008486290462315083,0.9999821186065674,0.449222207069397,0.11754748970270157,0.018138546496629715,0.9998294115066528,0.585762619972229,0.1355491727590561,-0.33325058221817017,0.9891162514686584,0.41992610692977905,0.12882642447948456,-0.30744582414627075,0.9772074222564697,0.5763629674911499,0.14466291666030884,-0.6652753949165344,0.9907701015472412,0.43538451194763184,0.13760687410831451,-0.6815671324729919,0.9679847359657288,0.5734663009643555,0.14925378561019897,-0.7453733086585999,0.9817787408828735,0.43590664863586426,0.14072571694850922,-0.7561283707618713,0.948955237865448,0.5583769083023071,0.14850720763206482,-0.7456125617027283,0.9824571013450623,0.4529159367084503,0.14152617752552032,-0.753328263759613,0.950428307056427,0.5553584694862366,0.14749924838542938,-0.6753382682800293,0.9758071899414062,0.4573725163936615,0.1418905258178711,-0.6923381090164185,0.9391914010047913,0.5371240973472595,0.21893616020679474,-0.01776752434670925,0.9995266199111938,0.4698329269886017,0.22017596662044525,0.017819782719016075,0.9993041753768921,0.5264278054237366,0.2928866446018219,-0.03186247497797012,0.9848309755325317,0.476235955953598,0.2920971214771271,0.015432626008987427,0.9753158688545227,0.5157976746559143,0.3628578782081604,0.11377160996198654,0.9668900966644287,0.4890269637107849,0.36350297927856445,0.15665605664253235,0.9633528590202332,0.5119504332542419,0.3707209825515747,0.11915554106235504,0.8094449043273926,0.49262797832489014,0.3729490637779236,0.16145095229148865,0.77045738697052,0.517300009727478,0.38326066732406616,-0.03731214255094528,0.9599020481109619,0.475087434053421,0.38399752974510193,0.014234472997486591,0.9509379267692566
60,0.4994004964828491,0.09516610205173492,-0.1796298623085022,0.9999815821647644,0.5056114792823792,0.08771519362926483,-0.16152630746364594,0.9999675154685974,0.5100012421607971,0.08702906966209412,-0.1615719497203827,0.9999667406082153,0.5134239792823792,0.08634945005178452,-0.16159336268901825,0.9999661445617676,0.4919414818286896,0.08900012075901031,-0.16015087068080902,0.9999568462371826,0.48763957619667053,0.08928462117910385,-0.16009657084941864,0.9999477863311768,0.48358872532844543,0.08957001566886902,-0.15998001396656036,0.9999419450759888,0.5201923251152039,0.08720710873603821,-0.019451269879937172,0.9999688267707825,0.47666850686073303,0.09137709438800812,-0.013732410967350006,0.9999380111694336,0.509332001209259,0.10159845650196075,-0.12367425113916397,0.9999841451644897,0.4930468499660492,0.10233066976070404,-0.12223133444786072,0.9999769926071167,0.5571050047874451,0.1155785396695137,-0.011296292766928673,0.9999814629554749,0.4490402638912201,0.1175624281167984,0.009854918345808983,0.9998258948326111,0.5832735300064087,0.13471831381320953,-0.34754639863967896,0.9875993132591248,0.42052051424980164,0.1294218897819519,-0.3327500522136688,0.9756046533584595,0.5749941468238831,0.14447729289531708,-0.6989479660987854,0.9903895854949951,0.4365960657596588,0.1393064707517624,-0.7099204063415527,0.9660243391990662,0.5723778605461121,0.149193674325943,-0.783445417881012,0.9817216992378235,0.4362727105617523,0.1417407989501953,-0.7860916256904602,0.946976363658905,0.5567793250083923,0.14912836253643036,-0.7841339707374573,0.9823415875434875,0.4538140892982483,0.14298348128795624,-0.7829210162162781,0.9483741521835327,0.5534390211105347,0.14810292422771454,-0.7102439999580383,0.975622832775116,0.4585247337818146,0.1434464156627655,-0.720467209815979,0.9368582963943481,0.5372359752655029,0.219025656580925,-0.016683781519532204,0.9995534420013428,0.46985122561454773,0.22021622955799103,0.01676102913916111,0.9993360638618469,0.5263924598693848,0.29293304681777954,-0.0202344823628664,0.9851729273796082,0.4763141870498657,0.29215285181999207,0.01604575477540493,0.9757657051086426,0.5156310200691223,0.36341995000839233,0.1244758889079094,0.9670745134353638,0.48964911699295044,0.3636218309402466,0.1617693305015564,0.9640201926231384,0.5118842124938965,0.37135499715805054,0.1291963905096054,0.8059865832328796,0.4931759834289551,0.37303152680397034,0.16706529259681702,0.7693529725074768,0.517760157585144,0.38325831294059753,-0.027289139106869698,0.9603841304779053,0.4751521348953247,0.3840884268283844,0.017488554120063782,0.9521921277046204
61,0.499767005443573,0.09524355828762054,-0.17365795373916626,0.9999814629554749,0.5062609910964966,0.08780228346586227,-0.1560591459274292,0.9999687671661377,0.5104550123214722,0.08714662492275238,-0.15610520541667938,0.999967634677887,0.5138928294181824,0.08646941184997559,-0.15612371265888214,0.9999673962593079,0.49242717027664185,0.08907901495695114,-0.15572823584079742,0.9999578595161438,0.48800256848335266,0.08936110883951187,-0.15568552911281586,0.9999483227729797,0.4839676022529602,0.08966948837041855,-0.15558335185050964,0.9999426603317261,0.5205064415931702,0.08726430684328079,-0.012293066829442978,0.9999703168869019,0.47671470046043396,0.09141770750284195,-0.011513258330523968,0.9999393224716187,0.5095456838607788,0.10163465142250061,-0.11654981225728989,0.9999837875366211,0.4932240843772888,0.10240455716848373,-0.11657089740037918,0.9999762177467346,0.5571209788322449,0.11550077795982361,0.00214954256080091,0.9999799728393555,0.4489079713821411,0.11741647124290466,0.0063892537727952,0.9998237490653992,0.5831390023231506,0.1358746439218521,-0.3185025751590729,0.9858022332191467,0.4203614294528961,0.12913678586483002,-0.32396888732910156,0.974662721157074,0.5750827193260193,0.14526280760765076,-0.6730080246925354,0.989952802658081,0.43518370389938354,0.1381840854883194,-0.6944330334663391,0.9640453457832336,0.5709094405174255,0.15015162527561188,-0.7567594647407532,0.9815086126327515,0.43656429648399353,0.14130261540412903,-0.7698453664779663,0.9446499943733215,0.5571742057800293,0.14859244227409363,-0.7580375671386719,0.9821000099182129,0.45324382185935974,0.14160604774951935,-0.7676346898078918,0.9460642337799072,0.5544763803482056,0.14757034182548523,-0.6843805313110352,0.9752548933029175,0.4573785364627838,0.14186328649520874,-0.7048578858375549,0.9341321587562561,0.5372151136398315,0.21897932887077332,-0.011096238158643246,0.9995717406272888,0.46983182430267334,0.22015322744846344,0.011145924217998981,0.9993611574172974,0.526353120803833,0.29273366928100586,-0.012871828861534595,0.9850523471832275,0.47666478157043457,0.2920789420604706,0.00809935387223959,0.976077139377594,0.5156704783439636,0.36320966482162476,0.12718601524829865,0.9665895700454712,0.48981741070747375,0.3637036681175232,0.15550780296325684,0.9643222689628601,0.5118836164474487,0.37100255489349365,0.1318507194519043,0.8036168813705444,0.49317023158073425,0.3730839490890503,0.1611957848072052,0.7655032277107239,0.5196174383163452,0.3829173743724823,-0.025094402953982353,0.9604833126068115,0.4760374426841736,0.3842162489891052,0.006426802836358547,0.9528559446334839
62,0.4998458921909332,0.0956830158829689,-0.15578430891036987,0.9999817609786987,0.5064893364906311,0.08825889229774475,-0.1381630152463913,0.9999702572822571,0.5106605291366577,0.08763817697763443,-0.138203427195549,0.999968945980072,0.5140427947044373,0.08701041340827942,-0.13821330666542053,0.9999690055847168,0.49263492226600647,0.08951780945062637,-0.1371719241142273,0.9999594688415527,0.4881737530231476,0.08974780142307281,-0.13712434470653534,0.9999499320983887,0.4841572940349579,0.0900217667222023,-0.13701175153255463,0.9999446272850037,0.5205390453338623,0.08757729083299637,0.0035030092112720013,0.9999721050262451,0.4767824411392212,0.09148118644952774,0.00717940041795373,0.9999415874481201,0.5095985531806946,0.10196268558502197,-0.09952152520418167,0.9999836683273315,0.49328669905662537,0.10274866223335266,-0.09874023497104645,0.9999758005142212,0.5570430755615234,0.11536411195993423,0.00985279493033886,0.9999793767929077,0.4488151967525482,0.11740224808454514,0.0212499238550663,0.9998220801353455,0.5825266242027283,0.13606318831443787,-0.31691914796829224,0.9845693111419678,0.4210905432701111,0.12877747416496277,-0.31200116872787476,0.9731854200363159,0.5736995935440063,0.14477048814296722,-0.6694990992546082,0.9895451068878174,0.4355229139328003,0.13769669830799103,-0.685967206954956,0.9617977142333984,0.5694769024848938,0.14987151324748993,-0.7530242204666138,0.9813395738601685,0.4367312490940094,0.14131613075733185,-0.7618971467018127,0.9421192407608032,0.5556325316429138,0.1483476758003235,-0.7516036629676819,0.9818751215934753,0.45380666851997375,0.14219675958156586,-0.7591844201087952,0.9435116648674011,0.5527828931808472,0.14720943570137024,-0.6796532273292542,0.9748889803886414,0.4578928053379059,0.14224456250667572,-0.6964604258537292,0.9311705231666565,0.537212073802948,0.21850022673606873,-0.011953789740800858,0.9995938539505005,0.4698541760444641,0.21986590325832367,0.012003800831735134,0.9993871450424194,0.5257355570793152,0.292453408241272,-0.013698654249310493,0.9854678511619568,0.47708597779273987,0.2919827997684479,0.016096889972686768,0.9768831133842468,0.5158656239509583,0.3631609380245209,0.12298277765512466,0.9674241542816162,0.48999255895614624,0.3638516962528229,0.15267722308635712,0.9654448628425598,0.512277364730835,0.37100300192832947,0.1279761642217636,0.8031332492828369,0.49342572689056396,0.37341517210006714,0.1577455997467041,0.7668994069099426,0.5198151469230652,0.382823646068573,-0.030656080693006516,0.9616280794143677,0.4760740399360657,0.3843204081058502,0.003862065728753805,0.9543427228927612
63,0.4999859929084778,0.09612171351909637,-0.15703889727592468,0.9999809265136719,0.5068552494049072,0.08869637548923492,-0.13928909599781036,0.9999704957008362,0.5109585523605347,0.0880759060382843,-0.13933821022510529,0.9999687075614929,0.5143297910690308,0.08746368438005447,-0.13934697210788727,0.9999692440032959,0.4930373728275299,0.0899188295006752,-0.1389504224061966,0.9999594688415527,0.48854026198387146,0.09007249027490616,-0.1389138400554657,0.9999492764472961,0.48449259996414185,0.09027685970067978,-0.13881883025169373,0.999944269657135,0.5206576585769653,0.0878237634897232,0.0027428811881691217,0.9999726414680481,0.47686463594436646,0.09149524569511414,0.0036229081451892853,0.999941349029541,0.5096083283424377,0.10237324237823486,-0.1005341038107872,0.9999820590019226,0.4933340549468994,0.10316692292690277,-0.10057942569255829,0.9999735355377197,0.556829035282135,0.11534413695335388,0.011889022774994373,0.9999768137931824,0.4487157464027405,0.11737808585166931,0.018560880795121193,0.9998180866241455,0.5815954804420471,0.13559134304523468,-0.311135470867157,0.9823257327079773,0.42140015959739685,0.12892770767211914,-0.3127324879169464,0.9716489911079407,0.5721036791801453,0.1452135592699051,-0.6605345606803894,0.9885463118553162,0.4375206530094147,0.13875944912433624,-0.6822525262832642,0.9592557549476624,0.5682508945465088,0.1503293514251709,-0.7433231472969055,0.9804341793060303,0.4384503662586212,0.14213095605373383,-0.7573347091674805,0.9390205144882202,0.5541038513183594,0.14907847344875336,-0.7420479655265808,0.9809237718582153,0.4547785818576813,0.14287099242210388,-0.7548365592956543,0.9403963088989258,0.5508252382278442,0.14795178174972534,-0.67067950963974,0.9735455513000488,0.4586920440196991,0.14291635155677795,-0.6924965977668762,0.9274460673332214,0.5370233654975891,0.21841570734977722,-0.01200506929308176,0.9996031522750854,0.469795286655426,0.21980080008506775,0.012060755863785744,0.9993976950645447,0.5243615508079529,0.29184967279434204,-0.00616976385936141,0.98543381690979,0.4774185121059418,0.2917604446411133,0.015237364917993546,0.9772237539291382,0.5158491730690002,0.36313214898109436,0.1175590381026268,0.9676046967506409,0.4902777075767517,0.3638860583305359,0.1440674364566803,0.9658681154251099,0.5122052431106567,0.3712325692176819,0.11856354773044586,0.8028669953346252,0.49341124296188354,0.3736835718154907,0.14691828191280365,0.7665989398956299,0.5202578902244568,0.3826569616794586,-0.038833167403936386,0.962152898311615,0.4769556224346161,0.38402289152145386,-0.0042333342134952545,0.9551593065261841
64,0.5000240802764893,0.09621363133192062,-0.16293646395206451,0.999980092048645,0.5069940686225891,0.08891724795103073,-0.1450599879026413,0.9999704360961914,0.5110877752304077,0.08832714706659317,-0.14510563015937805,0.9999681711196899,0.5144505500793457,0.08776260167360306,-0.14510995149612427,0.9999691843986511,0.4933168888092041,0.0900418683886528,-0.14428186416625977,0.9999592304229736,0.4889235198497772,0.09016524255275726,-0.14425016939640045,0.9999483227729797,0.4849032461643219,0.09035190939903259,-0.1441633701324463,0.9999436736106873,0.5206911563873291,0.08827456831932068,-0.004531930200755596,0.9999727010726929,0.4771958589553833,0.09152676910161972,-0.0019666694570332766,0.9999404549598694,0.50960773229599,0.10253771394491196,-0.10733155161142349,0.9999805092811584,0.493344783782959,0.10323657095432281,-0.1068609431385994,0.9999715089797974,0.556611180305481,0.11537725478410721,0.006493190303444862,0.9999734163284302,0.448667973279953,0.11730331927537918,0.014790276065468788,0.9998139142990112,0.5808928608894348,0.13540707528591156,-0.32417353987693787,0.9804592728614807,0.42238783836364746,0.1287827044725418,-0.3152437210083008,0.9707837104797363,0.5720351338386536,0.14522580802440643,-0.6694955825805664,0.9875733256340027,0.43875551223754883,0.13938426971435547,-0.6772221922874451,0.9574763178825378,0.5680964589118958,0.15052606165409088,-0.7514623999595642,0.9795418977737427,0.43886488676071167,0.14253240823745728,-0.751372754573822,0.936788022518158,0.5545536279678345,0.1490098088979721,-0.7498180866241455,0.9799849390983582,0.4550049602985382,0.14339493215084076,-0.749096155166626,0.9381574988365173,0.5513646602630615,0.14777891337871552,-0.6795401573181152,0.9723361134529114,0.4589465260505676,0.14341118931770325,-0.6874717473983765,0.9249116778373718,0.5362419486045837,0.2184230238199234,-0.01249635498970747,0.9996116757392883,0.4696820080280304,0.219809427857399,0.012545318342745304,0.9994053244590759,0.5234975218772888,0.29183483123779297,-0.008788565173745155,0.9852330684661865,0.4774450361728668,0.29152312874794006,0.014690525829792023,0.9774343371391296,0.515663206577301,0.3629312217235565,0.11891760677099228,0.967454731464386,0.49026450514793396,0.36385491490364075,0.14571541547775269,0.966026246547699,0.5119324922561646,0.37120893597602844,0.12097290903329849,0.8014201521873474,0.49322962760925293,0.37368446588516235,0.14923788607120514,0.7657201290130615,0.5202295780181885,0.3825368285179138,-0.03448053449392319,0.9622804522514343,0.4770338833332062,0.3838769495487213,-0.0010200082324445248,0.9556088447570801
65,0.49992427229881287,0.09638096392154694,-0.15832673013210297,0.9999793767929077,0.5070078372955322,0.08906134963035583,-0.14090892672538757,0.9999704957008362,0.5111714005470276,0.08847198635339737,-0.14095346629619598,0.9999679327011108,0.514579713344574,0.08793416619300842,-0.14095571637153625,0.9999694228172302,0.4933073818683624,0.09021569043397903,-0.13939309120178223,0.9999588131904602,0.4889156222343445,0.09034087508916855,-0.13936010003089905,0.9999473094940186,0.484897643327713,0.0905274823307991,-0.13927465677261353,0.9999427795410156,0.5210200548171997,0.08846227824687958,-0.0030008612666279078,0.9999730587005615,0.47725558280944824,0.0916823074221611,0.0032303151674568653,0.9999390244483948,0.5095887780189514,0.10278672724962234,-0.10374823957681656,0.9999793171882629,0.49330827593803406,0.10345269739627838,-0.10224530845880508,0.9999693632125854,0.5566896200180054,0.11547576636075974,0.0035959964152425528,0.9999707341194153,0.44867998361587524,0.11731483787298203,0.013441377319395542,0.99980628490448,0.5798563361167908,0.13527141511440277,-0.3356245160102844,0.9784329533576965,0.42339515686035156,0.12850578129291534,-0.32459557056427,0.9687983989715576,0.5717560648918152,0.1451316475868225,-0.6814249753952026,0.9865225553512573,0.43970388174057007,0.13978524506092072,-0.6907023787498474,0.9535398483276367,0.5677670240402222,0.15032757818698883,-0.7625579237937927,0.9786151647567749,0.4394547939300537,0.1428246647119522,-0.7650842070579529,0.9322347640991211,0.5542618036270142,0.14925050735473633,-0.7605401873588562,0.9790326952934265,0.45526939630508423,0.143795445561409,-0.7615318894386292,0.9336398243904114,0.5510182976722717,0.14808355271816254,-0.6914172768592834,0.9711105227470398,0.45904070138931274,0.14377455413341522,-0.7009130120277405,0.9199776649475098,0.5354363918304443,0.21848376095294952,-0.012531404383480549,0.9996209144592285,0.4690273106098175,0.21981826424598694,0.012575516477227211,0.9994116425514221,0.5231981873512268,0.29174676537513733,-0.013985073193907738,0.9852024912834167,0.47742941975593567,0.29158058762550354,0.011642556637525558,0.9777690172195435,0.5156625509262085,0.36289724707603455,0.11814910173416138,0.967454731464386,0.4902520775794983,0.36390742659568787,0.1448488086462021,0.966166079044342,0.5119299292564392,0.371198832988739,0.12072838842868805,0.7969627976417542,0.4930226504802704,0.37368252873420715,0.14848469197750092,0.7624781727790833,0.5202685594558716,0.38253530859947205,-0.03558673337101936,0.9624125361442566,0.4771328866481781,0.383889764547348,-0.0014100909465923905,0.95601886510849
66,0.499923437833786,0.09654536098241806,-0.15132899582386017,0.9999784231185913,0.5070779323577881,0.08919063210487366,-0.1335357278585434,0.9999701976776123,0.5113043785095215,0.08857373148202896,-0.1335868239402771,0.9999673962593079,0.5147507190704346,0.08801771700382233,-0.13359108567237854,0.9999693632125854,0.49331343173980713,0.09040356427431107,-0.13198484480381012,0.9999577403068542,0.48892742395401,0.09051544964313507,-0.1319555789232254,0.9999452829360962,0.4849339723587036,0.090682253241539,-0.13187409937381744,0.9999407529830933,0.5212274789810181,0.08851509541273117,0.004798708017915487,0.9999732375144958,0.4773174226284027,0.09178442507982254,0.011387736536562443,0.9999358654022217,0.5096037983894348,0.10293666273355484,-0.09660669416189194,0.9999778270721436,0.49331462383270264,0.10364980250597,-0.09507811069488525,0.9999662637710571,0.5567147731781006,0.11551237851381302,0.00657122116535902,0.9999686479568481,0.44864141941070557,0.11732503771781921,0.02234787680208683,0.9997943043708801,0.578825056552887,0.13436593115329742,-0.32614484429359436,0.9768787622451782,0.4238370656967163,0.12827977538108826,-0.31322622299194336,0.9657790660858154,0.5715393424034119,0.1451786458492279,-0.6731639504432678,0.9856840968132019,0.43998944759368896,0.14004026353359222,-0.6757281422615051,0.9486806392669678,0.5678631067276001,0.15040849149227142,-0.7538294196128845,0.9778751134872437,0.4398074448108673,0.14306530356407166,-0.7494664192199707,0.9267585873603821,0.5543137192726135,0.14955869317054749,-0.7521238923072815,0.9782593846321106,0.4552835524082184,0.1440592110157013,-0.7477386593818665,0.9283163547515869,0.5509310364723206,0.14840222895145416,-0.6830090284347534,0.9700980186462402,0.45890748500823975,0.1440303921699524,-0.6863175630569458,0.9142194986343384,0.5351662039756775,0.21847456693649292,-0.012841050513088703,0.999627947807312,0.4687436521053314,0.21975846588611603,0.012875889427959919,0.9994166493415833,0.5231991410255432,0.29177170991897583,-0.017299380153417587,0.98505699634552,0.47758546471595764,0.2916763722896576,0.010961583815515041,0.9778667688369751,0.5157652497291565,0.3628538250923157,0.11768243461847305,0.967121422290802,0.4904008209705353,0.3645564019680023,0.14078488945960999,0.9661476612091064,0.5121379494667053,0.3709321618080139,0.12071789056062698,0.7907608151435852,0.4933225214481354,0.37425535917282104,0.1446245312690735,0.7592719793319702,0.5207710862159729,0.38244542479515076,-0.03615475073456764,0.9622040390968323,0.4774511158466339,0.3841114938259125,-0.009021681733429432,0.9561591744422913
67,0.5001978278160095,0.09706829488277435,-0.15758979320526123,0.9999757409095764,0.5072987079620361,0.08978281915187836,-0.14053305983543396,0.9999679327011108,0.5115016102790833,0.08906275779008865,-0.14058953523635864,0.9999648332595825,0.5149557590484619,0.08843287825584412,-0.14060209691524506,0.9999675750732422,0.4936631917953491,0.0910792276263237,-0.1391962617635727,0.9999529719352722,0.48941123485565186,0.09117049723863602,-0.1391620635986328,0.9999383687973022,0.4854786694049835,0.09124302119016647,-0.139079287648201,0.9999334216117859,0.5213372707366943,0.08873306214809418,-0.00234162132255733,0.9999719262123108,0.4777791202068329,0.0920952633023262,0.003232215065509081,0.9999251365661621,0.5097343921661377,0.10334347188472748,-0.10289892554283142,0.9999744296073914,0.49369123578071594,0.10419142991304398,-0.10159387439489365,0.9999594688415527,0.5568163990974426,0.115540511906147,0.0005309469997882843,0.9999672770500183,0.4488489031791687,0.11733738332986832,0.01965460181236267,0.9997732043266296,0.5775924921035767,0.13338430225849152,-0.3330412209033966,0.9746667146682739,0.42617982625961304,0.12813310325145721,-0.3150176703929901,0.9608836770057678,0.570772111415863,0.14549241960048676,-0.6745138764381409,0.9843299984931946,0.4403745234012604,0.14112666249275208,-0.6807072758674622,0.9409056901931763,0.5677649974822998,0.15080347657203674,-0.7545982003211975,0.9765722751617432,0.4407798945903778,0.14312894642353058,-0.7542388439178467,0.9186899065971375,0.5544648766517639,0.14980092644691467,-0.7530114054679871,0.9769378900527954,0.45531097054481506,0.14426131546497345,-0.753780722618103,0.9205207228660583,0.5511367917060852,0.148589625954628,-0.6843136548995972,0.9683988094329834,0.45872992277145386,0.14437289535999298,-0.6922953128814697,0.906074047088623,0.5344734191894531,0.21843665838241577,-0.012828225269913673,0.9996327757835388,0.46867647767066956,0.21965599060058594,0.01286135520786047,0.9994103908538818,0.5239861011505127,0.2915687561035156,-0.014574820175766945,0.9849633574485779,0.4779796898365021,0.29138508439064026,0.010610510595142841,0.9775940179824829,0.5157458782196045,0.36159276962280273,0.1352214515209198,0.9664903879165649,0.4903959631919861,0.36428913474082947,0.15387198328971863,0.9656308889389038,0.5120498538017273,0.36842140555381775,0.14100779592990875,0.7809231877326965,0.49320441484451294,0.3735230565071106,0.16010771691799164,0.7528771162033081,0.5207615494728088,0.38208961486816406,-0.015551161020994186,0.9615719318389893,0.4783231317996979,0.38408663868904114,0.00896360632032156,0.9560018181800842
68,0.5005050897598267,0.0972888246178627,-0.162484809756279,0.9999698996543884,0.5074865818023682,0.09010601043701172,-0.14516960084438324,0.9999630451202393,0.5116580724716187,0.08936036378145218,-0.14522503316402435,0.9999592900276184,0.5151163935661316,0.08870504796504974,-0.14523938298225403,0.9999632835388184,0.494023859500885,0.09136822074651718,-0.14401733875274658,0.999943733215332,0.48991015553474426,0.09144966304302216,-0.1439841240644455,0.999925434589386,0.48596587777137756,0.0914832279086113,-0.14389972388744354,0.9999195337295532,0.5214573740959167,0.0889551118016243,-0.00563467713072896,0.9999688863754272,0.47817930579185486,0.09225194156169891,0.0006097269360907376,0.9999079704284668,0.5098727941513062,0.10359928756952286,-0.1073785126209259,0.9999685883522034,0.4940200746059418,0.10442911833524704,-0.10629520565271378,0.9999481439590454,0.5570167303085327,0.11565442383289337,-0.007469847332686186,0.9999634623527527,0.4490185081958771,0.11755023896694183,0.00805729627609253,0.99974125623703,0.5770595669746399,0.13356509804725647,-0.35112571716308594,0.9717476963996887,0.4293185770511627,0.12829546630382538,-0.3383353054523468,0.9555933475494385,0.5705838799476624,0.14557580649852753,-0.6981064677238464,0.9824436902999878,0.4400082528591156,0.14120489358901978,-0.7098687291145325,0.9325354695320129,0.5675559639930725,0.1508905440568924,-0.7786675095558167,0.9746963977813721,0.44036608934402466,0.1431778371334076,-0.7833338379859924,0.910466730594635,0.5547223687171936,0.15003249049186707,-0.7762079238891602,0.9750577211380005,0.45518845319747925,0.1444026529788971,-0.7835402488708496,0.9126591682434082,0.5514477491378784,0.14880183339118958,-0.7079764604568481,0.9660300612449646,0.4586803615093231,0.14450550079345703,-0.7221869826316833,0.897867739200592,0.5342613458633423,0.2184552550315857,-0.01069721020758152,0.9996320605278015,0.46844279766082764,0.2196609228849411,0.01069660298526287,0.9994015097618103,0.5268692374229431,0.29150545597076416,-0.01706719771027565,0.9849705100059509,0.47799164056777954,0.291326642036438,-0.0021908835042268038,0.9775410294532776,0.5156978964805603,0.36104685068130493,0.13370037078857422,0.965791642665863,0.4903888404369354,0.364157497882843,0.14074519276618958,0.9652893543243408,0.5116747617721558,0.3675702214241028,0.13870446383953094,0.7736571431159973,0.492984801530838,0.3732702136039734,0.1466284692287445,0.7464669942855835,0.5210624933242798,0.3818471133708954,-0.020036250352859497,0.9608170390129089,0.47863900661468506,0.38400039076805115,-0.00534706050530076,0.9559398293495178
69,0.5009629726409912,0.09727726131677628,-0.16446825861930847,0.999968945980072,0.5078983306884766,0.09008332341909409,-0.14704862236976624,0.9999632835388184,0.5119755268096924,0.08934028446674347,-0.14710716903209686,0.9999596476554871,0.5155143737792969,0.08868484199047089,-0.1471223384141922,0.9999638199806213,0.4944286644458771,0.09134812653064728,-0.14641915261745453,0.9999428391456604,0.4902907907962799,0.0914340689778328,-0.14638544619083405,0.9999241828918457,0.4862816035747528,0.09147309511899948,-0.14629949629306793,0.9999180436134338,0.5218454003334045,0.08895151317119598,-0.007361124269664288,0.9999697804450989,0.47839727997779846,0.09225670993328094,-0.005951220635324717,0.9999065399169922,0.5100992918014526,0.10358640551567078,-0.10934530198574066,0.9999678134918213,0.49434635043144226,0.10441484302282333,-0.10858847945928574,0.9999459385871887,0.5569892525672913,0.11538157612085342,-0.010935659520328045,0.9999629855155945,0.44944238662719727,0.11769963800907135,-0.008252877742052078,0.9997177124023438,0.5770251154899597,0.13176202774047852,-0.35889214277267456,0.97063148021698,0.4306149184703827,0.1282646209001541,-0.36818045377731323,0.9539008140563965,0.5705885887145996,0.14531837403774261,-0.7030863165855408,0.9824323058128357,0.43973422050476074,0.1407976895570755,-0.7443804740905762,0.9304473400115967,0.567756175994873,0.15108850598335266,-0.7830490469932556,0.9747130274772644,0.43917036056518555,0.14172491431236267,-0.8167056441307068,0.9085484147071838,0.5544614195823669,0.15014488995075226,-0.7809692621231079,0.9750534296035767,0.454958975315094,0.14391277730464935,-0.8137919306755066,0.9107696413993835,0.5507447719573975,0.148922860622406,-0.7129263281822205,0.9660289287567139,0.45850875973701477,0.14442628622055054,-0.7553227543830872,0.8959998488426208,0.5342730283737183,0.21843364834785461,-0.004796506371349096,0.9996363520622253,0.46855250000953674,0.21966367959976196,0.0047820089384913445,0.9994066953659058,0.5298369526863098,0.290508896112442,-0.018243754282593727,0.9851067662239075,0.47867709398269653,0.2909148335456848,-0.01834557205438614,0.9776737093925476,0.5156598687171936,0.36080893874168396,0.10786032676696777,0.9650442004203796,0.49031856656074524,0.3640362620353699,0.10237383097410202,0.9653797745704651,0.5112088918685913,0.36753877997398376,0.11048861593008041,0.7693777680397034,0.4920380115509033,0.3731706440448761,0.10548506677150726,0.7396801114082336,0.5215834379196167,0.3818386495113373,-0.04023223742842674,0.960526168346405,0.47954824566841125,0.38396739959716797,-0.04456356167793274,0.9565460085868835
70,0.5014548301696777,0.09707633405923843,-0.15816916525363922,0.999968409538269,0.5082321166992188,0.08989584445953369,-0.1408464014530182,0.9999637007713318,0.5122018456459045,0.08919910341501236,-0.14090792834758759,0.99996018409729,0.5157943964004517,0.08853798359632492,-0.14091449975967407,0.9999644160270691,0.4947347044944763,0.09116993844509125,-0.1409519612789154,0.9999426603317261,0.4905734658241272,0.09126709401607513,-0.14091677963733673,0.9999240636825562,0.4865362048149109,0.09133943170309067,-0.14082275331020355,0.9999180436134338,0.5220149755477905,0.08881623297929764,-0.0023950005415827036,0.999970555305481,0.4785545766353607,0.09220658242702484,-0.0035598461981862783,0.9999074935913086,0.5104802250862122,0.1033906564116478,-0.10367190092802048,0.9999672174453735,0.49479201436042786,0.10420218855142593,-0.10409674793481827,0.9999451041221619,0.5570595264434814,0.11519183963537216,-0.006144195795059204,0.9999629855155945,0.44979023933410645,0.11761360615491867,-0.004953386727720499,0.9997151494026184,0.5772724151611328,0.13186727464199066,-0.3471093475818634,0.9697657823562622,0.4297533631324768,0.12707655131816864,-0.3529171347618103,0.9542087912559509,0.5707341432571411,0.1454136222600937,-0.6897163391113281,0.9826220273971558,0.4396345317363739,0.1397106945514679,-0.7277520298957825,0.9309352040290833,0.5678921937942505,0.15123070776462555,-0.7688981294631958,0.9749667048454285,0.43902891874313354,0.141715869307518,-0.7991687059402466,0.9090881943702698,0.5545840859413147,0.15032176673412323,-0.7674594521522522,0.9752765893936157,0.4549832046031952,0.14374737441539764,-0.7948534488677979,0.9111847281455994,0.5509455800056458,0.149093896150589,-0.699497640132904,0.9662761092185974,0.458471417427063,0.14408056437969208,-0.7375836968421936,0.8965556025505066,0.5342856645584106,0.21833249926567078,-0.0015457210829481483,0.9996444582939148,0.46889203786849976,0.21942098438739777,0.0015317728975787759,0.9994221329689026,0.5316621661186218,0.28968116641044617,-0.02123994193971157,0.9851911664009094,0.4793088138103485,0.2897619903087616,-0.038586538285017014,0.9780740141868591,0.5156455636024475,0.3608180582523346,0.07860830426216125,0.9647296071052551,0.49028676748275757,0.3636814057826996,0.06951722502708435,0.9657713770866394,0.5107688903808594,0.36755502223968506,0.07924278825521469,0.7672715783119202,0.4912412166595459,0.3727995455265045,0.07120581716299057,0.736238956451416,0.5224471092224121,0.3818739056587219,-0.07210102677345276,0.9606762528419495,0.480025976896286,0.3838740885257721,-0.0804857611656189,0.9575281143188477
71,0.501991331577301,0.09703380614519119,-0.13672639429569244,0.9999672770500183,0.5085865259170532,0.08983318507671356,-0.11922446638345718,0.9999637007713318,0.5124560594558716,0.08915010094642639,-0.11929228156805038,0.9999602437019348,0.5160890221595764,0.08848413825035095,-0.11930851638317108,0.999964714050293,0.4952183961868286,0.09110619127750397,-0.120417520403862,0.9999419450759888,0.49108925461769104,0.09120982140302658,-0.12038996815681458,0.999923050403595,0.4870631992816925,0.09128949791193008,-0.12031055241823196,0.9999170303344727,0.522116482257843,0.08874975889921188,0.018472734838724136,0.9999710321426392,0.47887760400772095,0.09217634797096252,0.012962151318788528,0.9999071359634399,0.5107778310775757,0.10334943234920502,-0.0822933092713356,0.999966025352478,0.4953766465187073,0.10418609529733658,-0.08411835134029388,0.99994295835495,0.557242214679718,0.11506379395723343,0.019424306228756905,0.999962329864502,0.45007407665252686,0.1174662858247757,0.010295701213181019,0.9997082352638245,0.5774029493331909,0.13213403522968292,-0.31341877579689026,0.9682359099388123,0.42972037196159363,0.1271759420633316,-0.3486188054084778,0.9523517489433289,0.5708645582199097,0.14554518461227417,-0.6514408588409424,0.9826102256774902,0.43949094414711,0.1398608684539795,-0.7199556827545166,0.9292625188827515,0.5680114030838013,0.15132063627243042,-0.7271141409873962,0.9750413298606873,0.43939703702926636,0.14192649722099304,-0.7944894433021545,0.9072834253311157,0.5547586679458618,0.15044377744197845,-0.7263352274894714,0.9753475785255432,0.4548967182636261,0.14376434683799744,-0.7836765050888062,0.9093728065490723,0.5515199899673462,0.14921127259731293,-0.6610398292541504,0.9663414359092712,0.45832669734954834,0.1440766602754593,-0.7333332896232605,0.8946627974510193,0.5343559384346008,0.21816112101078033,0.0012169890105724335,0.9996413588523865,0.46937301754951477,0.21918293833732605,-0.0012098831357434392,0.9994231462478638,0.5318021178245544,0.28919580578804016,-0.033405061811208725,0.9845572710037231,0.48006749153137207,0.2888666093349457,-0.06331577152013779,0.977644681930542,0.5153748989105225,0.3608225882053375,0.05680207535624504,0.9627488851547241,0.49029257893562317,0.3636821210384369,0.037019290030002594,0.9647710919380188,0.5099286437034607,0.36761030554771423,0.056846555322408676,0.7612327337265015,0.49086517095565796,0.37280386686325073,0.03825277090072632,0.7295356392860413,0.5224810242652893,0.3819003403186798,-0.09276656806468964,0.958962619304657,0.4804873466491699,0.3838658928871155,-0.1123722717165947,0.9568701982498169
72,0.5025842189788818,0.09702853858470917,-0.12464558333158493,0.999963641166687,0.5091279745101929,0.08980433642864227,-0.10664260387420654,0.9999615550041199,0.5128500461578369,0.08912484347820282,-0.10671652108430862,0.9999579191207886,0.5165531039237976,0.0884527936577797,-0.10673379898071289,0.9999632239341736,0.4958607852458954,0.09109999984502792,-0.10799022018909454,0.9999377727508545,0.4916876256465912,0.09120088070631027,-0.10797035694122314,0.9999174475669861,0.487667441368103,0.091281957924366,-0.10790639370679855,0.9999111890792847,0.5223450064659119,0.0887434333562851,0.029585877433419228,0.9999697804450989,0.4793489873409271,0.09217675030231476,0.023654408752918243,0.9999005794525146,0.5111474990844727,0.1033393144607544,-0.07096655666828156,0.9999619126319885,0.49585264921188354,0.10417799651622772,-0.07297524064779282,0.999935507774353,0.5573968291282654,0.1149996742606163,0.02855137176811695,0.9999592900276184,0.4501895308494568,0.11747292429208755,0.020519085228443146,0.9996858835220337,0.5775576829910278,0.13232596218585968,-0.3026930093765259,0.9656859636306763,0.4314068555831909,0.1272529512643814,-0.3243228793144226,0.9471258521080017,0.5709901452064514,0.14553382992744446,-0.6360685229301453,0.9818844199180603,0.44098949432373047,0.1399741768836975,-0.6843588948249817,0.9235879182815552,0.5680369138717651,0.15138119459152222,-0.7097602486610413,0.9743455052375793,0.44051098823547363,0.14204660058021545,-0.7513923645019531,0.9015193581581116,0.5550296306610107,0.15032519400119781,-0.7072394490242004,0.9746508598327637,0.4552463889122009,0.14383187890052795,-0.747599184513092,0.9038206934928894,0.5518049001693726,0.1489616185426712,-0.6447802782058716,0.9654487371444702,0.45865142345428467,0.14412878453731537,-0.6953856348991394,0.8889385461807251,0.5345255732536316,0.21794071793556213,0.002393692499026656,0.9996312260627747,0.4696153402328491,0.21895869076251984,-0.002385317115113139,0.9994086623191833,0.5318490266799927,0.28864094614982605,-0.0341552309691906,0.9832249283790588,0.4825257956981659,0.2877693772315979,-0.06640859693288803,0.9765128493309021,0.5150622725486755,0.3608892261981964,0.04436078667640686,0.9599178433418274,0.4902435839176178,0.3636208772659302,0.024450290948152542,0.9626458287239075,0.5095384120941162,0.36780494451522827,0.04293898865580559,0.7523646950721741,0.49060454964637756,0.37278276681900024,0.024905523285269737,0.7204318046569824,0.5221683979034424,0.3818990886211395,-0.10575424134731293,0.9561853408813477,0.48053035140037537,0.3838686943054199,-0.12326038628816605,0.9550193548202515
73,0.5026609897613525,0.09704954922199249,-0.1353374868631363,0.999958872795105,0.5091930031776428,0.08980640769004822,-0.11782900989055634,0.9999584555625916,0.5129229426383972,0.08911777287721634,-0.1179046705365181,0.9999550580978394,0.5165905952453613,0.08844389021396637,-0.11792086064815521,0.9999610185623169,0.49595654010772705,0.09114440530538559,-0.1184588149189949,0.999930739402771,0.4917817711830139,0.09126022458076477,-0.11843263357877731,0.9999086260795593,0.4877851605415344,0.09135494381189346,-0.11836118996143341,0.9999018907546997,0.5223631262779236,0.08874024450778961,0.019241536036133766,0.9999682903289795,0.4795377850532532,0.0922323614358902,0.015987854450941086,0.9998906850814819,0.5112224817276001,0.1033489853143692,-0.08129685372114182,0.9999576807022095,0.49598291516304016,0.10428702086210251,-0.08250902593135834,0.9999272227287292,0.5574004054069519,0.11491759121417999,0.020673809573054314,0.9999586343765259,0.4508765637874603,0.11743393540382385,0.018101448193192482,0.9996626377105713,0.5775928497314453,0.13248755037784576,-0.3190365731716156,0.9652209877967834,0.43177530169487,0.1273423582315445,-0.3257671594619751,0.943678081035614,0.5712553858757019,0.14563383162021637,-0.6502119302749634,0.9821458458900452,0.4422527551651001,0.14004789292812347,-0.6971011161804199,0.9208146929740906,0.5681014657020569,0.15146665275096893,-0.7202922105789185,0.9746450185775757,0.4410552680492401,0.14203551411628723,-0.7641863822937012,0.8991182446479797,0.5550850629806519,0.1504085212945938,-0.7132771015167236,0.9749464392662048,0.45551812648773193,0.1436716914176941,-0.7607550621032715,0.9014939665794373,0.5519282817840576,0.1490122377872467,-0.6575586199760437,0.9657912254333496,0.45906302332878113,0.1441277712583542,-0.7075599431991577,0.8865239024162292,0.5346159338951111,0.21782928705215454,0.004366092849522829,0.9996283650398254,0.46962183713912964,0.21884207427501678,-0.004377411678433418,0.9994041919708252,0.5317595601081848,0.2879263460636139,-0.033564839512109756,0.9825373888015747,0.4833761155605316,0.286928653717041,-0.07076925039291382,0.9761239886283875,0.5150421857833862,0.3608969449996948,0.04766211286187172,0.9579271078109741,0.4902602732181549,0.36368992924690247,0.018999295309185982,0.9618606567382812,0.5094732642173767,0.36787208914756775,0.04668828472495079,0.7459027171134949,0.4905182421207428,0.3728540539741516,0.019189102575182915,0.7131292223930359,0.5221319198608398,0.38189631700515747,-0.10293993353843689,0.954930305480957,0.48244160413742065,0.3838683068752289,-0.13247473537921906,0.9547096490859985
74,0.5027452707290649,0.09706363826990128,-0.14033888280391693,0.9999517798423767,0.5093289613723755,0.08980000764131546,-0.12282220274209976,0.9999532699584961,0.5130402445793152,0.08911048620939255,-0.12289778888225555,0.9999497532844543,0.5166778564453125,0.08843866735696793,-0.12291433662176132,0.9999567866325378,0.4961581230163574,0.0911446139216423,-0.12341499328613281,0.999920129776001,0.4919769763946533,0.09126301854848862,-0.12338553369045258,0.999894917011261,0.4879918396472931,0.09136229008436203,-0.1233113631606102,0.9998877048492432,0.5223981738090515,0.08874890208244324,0.015085740014910698,0.9999651908874512,0.47978729009628296,0.09224677085876465,0.012279011309146881,0.9998772740364075,0.511245846748352,0.1033644825220108,-0.08592057228088379,0.9999520778656006,0.4960486590862274,0.10433991998434067,-0.08708278089761734,0.9999188184738159,0.5574018955230713,0.11473839730024338,0.017414972186088562,0.9999578595161438,0.4510987102985382,0.11743436753749847,0.016448650509119034,0.9996515512466431,0.5777005553245544,0.1322108954191208,-0.3212473392486572,0.9638269543647766,0.43165719509124756,0.12745089828968048,-0.32616421580314636,0.9428989887237549,0.5711305141448975,0.14570516347885132,-0.658206582069397,0.9820117950439453,0.44297900795936584,0.1401284784078598,-0.6960985660552979,0.9198815822601318,0.5680516958236694,0.1515115201473236,-0.7306200265884399,0.9744738936424255,0.4428178071975708,0.14212320744991302,-0.7638789415359497,0.8982807397842407,0.5548125505447388,0.15072481334209442,-0.7210784554481506,0.9747496247291565,0.4569542109966278,0.14369632303714752,-0.7606502771377563,0.9005780220031738,0.5514266490936279,0.14925698935985565,-0.6652429103851318,0.9654938578605652,0.460830956697464,0.14415711164474487,-0.7064276933670044,0.885515570640564,0.5346999168395996,0.217803493142128,0.009996728971600533,0.9996243119239807,0.4700430929660797,0.2188420444726944,-0.009982814081013203,0.9993962049484253,0.5328991413116455,0.28653034567832947,-0.0362379290163517,0.9809865951538086,0.48563700914382935,0.2865142226219177,-0.09324275702238083,0.9755644798278809,0.514809250831604,0.3605455756187439,0.050600968301296234,0.9537674784660339,0.4903980493545532,0.3634217381477356,0.0057325768284499645,0.9601220488548279,0.5082069039344788,0.36778724193573,0.05058668181300163,0.7383327484130859,0.4900687336921692,0.3727423846721649,0.007023031823337078,0.7050357460975647,0.5223678946495056,0.38185328245162964,-0.09732694923877716,0.9519239068031311,0.4857119023799896,0.383596271276474,-0.1469290554523468,0.9533159732818604
75,0.5028242468833923,0.09705933183431625,-0.12826915085315704,0.9999485611915588,0.5095031261444092,0.08979610353708267,-0.10968850553035736,0.9999507665634155,0.5132123827934265,0.08910390734672546,-0.1097630113363266,0.999947190284729,0.5168852210044861,0.08843106776475906,-0.10976850986480713,0.9999548196792603,0.4962562322616577,0.09113897383213043,-0.11065768450498581,0.9999160170555115,0.49203333258628845,0.09125837683677673,-0.1106417253613472,0.9998903274536133,0.48804083466529846,0.09136126190423965,-0.11057088524103165,0.9998838305473328,0.5225907564163208,0.08877459913492203,0.028029410168528557,0.9999637603759766,0.47982245683670044,0.09227127581834793,0.023337457329034805,0.9998732209205627,0.5112887620925903,0.10336323827505112,-0.07420362532138824,0.9999476075172424,0.49605605006217957,0.10434872657060623,-0.07590847462415695,0.9999123215675354,0.557405412197113,0.11467202007770538,0.021086879074573517,0.9999558329582214,0.4510250687599182,0.11778175830841064,0.021567758172750473,0.9996329545974731,0.5777896046638489,0.13100910186767578,-0.32223930954933167,0.9630051255226135,0.43163809180259705,0.1274956613779068,-0.32857704162597656,0.9411229491233826,0.5710161924362183,0.14462198317050934,-0.658352255821228,0.9815511107444763,0.4447513222694397,0.14031481742858887,-0.6970122456550598,0.9157122373580933,0.5681071281433105,0.15133482217788696,-0.7321438193321228,0.9738947153091431,0.44576141238212585,0.1424281895160675,-0.764832615852356,0.8931248188018799,0.5545971989631653,0.15076844394207,-0.7253183126449585,0.9741235375404358,0.4598815441131592,0.144176185131073,-0.7606249451637268,0.8953412771224976,0.5509970784187317,0.14927926659584045,-0.665970504283905,0.9645839929580688,0.4632834494113922,0.1444815993309021,-0.7062744498252869,0.879986047744751,0.5355077981948853,0.21782135963439941,0.00913900975137949,0.9996200799942017,0.4701707363128662,0.21903249621391296,-0.009114762768149376,0.9993947148323059,0.5337427854537964,0.2867414355278015,-0.04486025124788284,0.9806147813796997,0.48558348417282104,0.2865847945213318,-0.0949866995215416,0.9753496050834656,0.5148412585258484,0.36052167415618896,0.0388498529791832,0.9522898197174072,0.4903201162815094,0.3634357750415802,0.0049989596009254456,0.959415853023529,0.5082359910011292,0.36779704689979553,0.038009267300367355,0.7298345565795898,0.48985329270362854,0.37283140420913696,0.006294344086199999,0.7003342509269714,0.5223103761672974,0.3818521797657013,-0.11495207250118256,0.9506452679634094,0.4859829843044281,0.3835768401622772,-0.14857538044452667,0.9530222415924072
76,0.5027788877487183,0.09705720841884613,-0.14262568950653076,0.9999502301216125,0.5095028281211853,0.08980200439691544,-0.12505720555782318,0.9999526143074036,0.513240396976471,0.08912772685289383,-0.12510360777378082,0.9999490976333618,0.5169131755828857,0.08848808705806732,-0.12510088086128235,0.999956488609314,0.4962235689163208,0.09111793339252472,-0.12703469395637512,0.9999188184738159,0.4919726252555847,0.09121785312891006,-0.12698981165885925,0.9998939633369446,0.4879986345767975,0.09131267666816711,-0.12689943611621857,0.9998876452445984,0.5227200388908386,0.08884990960359573,0.013616617769002914,0.9999651908874512,0.47981444001197815,0.09223851561546326,0.005320132710039616,0.9998775124549866,0.5112855434417725,0.10338800400495529,-0.08786944299936295,0.9999496340751648,0.49598246812820435,0.104347363114357,-0.09070049226284027,0.9999157786369324,0.5574086308479309,0.11462120711803436,0.009138556197285652,0.9999566674232483,0.45080894231796265,0.11778301745653152,-0.0012906247284263372,0.9996339678764343,0.5778509974479675,0.13095903396606445,-0.34480947256088257,0.9618698358535767,0.4314577579498291,0.12747722864151,-0.35732612013816833,0.9421811699867249,0.5710436105728149,0.14413246512413025,-0.6975749731063843,0.9814431071281433,0.44538283348083496,0.140469029545784,-0.723811149597168,0.9152908325195312,0.5681387782096863,0.1508016735315323,-0.7784557938575745,0.9738933444023132,0.44800686836242676,0.1431453973054886,-0.7956666946411133,0.892363965511322,0.554618775844574,0.15040382742881775,-0.7748963236808777,0.9741020202636719,0.4622608721256256,0.14470353722572327,-0.7897757291793823,0.894421398639679,0.5510058403015137,0.1488495022058487,-0.7070412635803223,0.9645558595657349,0.4651060402393341,0.14473359286785126,-0.7326755523681641,0.8788641095161438,0.5365111231803894,0.21809926629066467,0.007447800599038601,0.9996291399002075,0.47020021080970764,0.21935901045799255,-0.007423802744597197,0.9994023442268372,0.5348547697067261,0.28909698128700256,-0.018567511811852455,0.9810321927070618,0.4830767512321472,0.28802672028541565,-0.039496149867773056,0.9759836792945862,0.5149994492530823,0.36071187257766724,0.11365723609924316,0.9523622393608093,0.48951810598373413,0.36351919174194336,0.09566638618707657,0.9599381685256958,0.508256196975708,0.3678132891654968,0.11798807233572006,0.725580096244812,0.4889109432697296,0.3728397488594055,0.10046536475419998,0.6970056891441345,0.5224924683570862,0.38206782937049866,-0.03567584231495857,0.9508819580078125,0.48684608936309814,0.3834516704082489,-0.05275914818048477,0.9537359476089478
77,0.5024716258049011,0.09696205705404282,-0.16037914156913757,0.9999491572380066,0.5094006657600403,0.08975454419851303,-0.14295680820941925,0.9999518990516663,0.5132130980491638,0.08910650759935379,-0.143008753657341,0.9999480247497559,0.5168557167053223,0.08848538994789124,-0.1430106908082962,0.9999557733535767,0.4960591197013855,0.09087652713060379,-0.14512547850608826,0.999917209148407,0.4917888641357422,0.09091437608003616,-0.1450752317905426,0.9998918771743774,0.48784834146499634,0.09100418537855148,-0.14498282968997955,0.9998853802680969,0.5226972699165344,0.08885078132152557,-0.0029198203701525927,0.9999648332595825,0.47971633076667786,0.09202094376087189,-0.012200587429106236,0.9998756051063538,0.5109955072402954,0.10336177796125412,-0.10511309653520584,0.9999491572380066,0.4954480826854706,0.1042008101940155,-0.10815027356147766,0.9999150037765503,0.5571020841598511,0.11455851048231125,-0.006617709994316101,0.9999549388885498,0.44994041323661804,0.1177830919623375,-0.017978735268115997,0.9996278882026672,0.5774993896484375,0.13033895194530487,-0.3665419816970825,0.9591112732887268,0.4316919147968292,0.12746192514896393,-0.37952524423599243,0.9417731165885925,0.5698031783103943,0.14349761605262756,-0.7213056683540344,0.980245053768158,0.4463666081428528,0.14061202108860016,-0.7467038631439209,0.9129833579063416,0.5677245855331421,0.15017347037792206,-0.8028061389923096,0.9726807475090027,0.4485006332397461,0.14323915541172028,-0.8190804123878479,0.8899770975112915,0.5535871982574463,0.15019658207893372,-0.7993739247322083,0.9728551506996155,0.46200403571128845,0.14470776915550232,-0.8144373297691345,0.8919445276260376,0.5493806004524231,0.14867223799228668,-0.7311434745788574,0.9629788398742676,0.4650162160396576,0.1447432041168213,-0.7565084099769592,0.876154899597168,0.5371917486190796,0.21842949092388153,0.0063976687379181385,0.9996342658996582,0.47019973397254944,0.21978697180747986,-0.006376718170940876,0.9994116425514221,0.5364440083503723,0.2897420823574066,-0.011026368476450443,0.9817942380905151,0.4802493751049042,0.28885549306869507,-0.03039195016026497,0.9770129919052124,0.5157946944236755,0.3609107434749603,0.11538252234458923,0.9535130262374878,0.48882848024368286,0.36351630091667175,0.10303017497062683,0.961332380771637,0.508652925491333,0.3681795001029968,0.11853958666324615,0.7269706726074219,0.4884819984436035,0.37283244729042053,0.10720641165971756,0.6989291310310364,0.5245907306671143,0.38222360610961914,-0.035916950553655624,0.9520840048789978,0.4865867793560028,0.3831108510494232,-0.045385245233774185,0.9554417729377747
78,0.5023576617240906,0.09684371203184128,-0.19094596803188324,0.9999489188194275,0.5093934535980225,0.08964548259973526,-0.17312103509902954,0.9999516010284424,0.5132130980491638,0.08903571218252182,-0.17317909002304077,0.999947726726532,0.5168551802635193,0.08844328671693802,-0.17317552864551544,0.9999551773071289,0.49600446224212646,0.09063588827848434,-0.17476201057434082,0.9999163150787354,0.4917038381099701,0.0906466618180275,-0.17471182346343994,0.9998914003372192,0.48775357007980347,0.090743787586689,-0.17461971938610077,0.9998845458030701,0.5227252244949341,0.08883664757013321,-0.03034231811761856,0.9999645352363586,0.47959622740745544,0.09179460257291794,-0.03823355585336685,0.999876856803894,0.5109508037567139,0.10331610590219498,-0.1350875049829483,0.9999496340751648,0.4951680600643158,0.10405413806438446,-0.137569859623909,0.9999164938926697,0.5570906400680542,0.11455143988132477,-0.03259302303195,0.999952495098114,0.44897976517677307,0.11778371781110764,-0.042123693972826004,0.9996285438537598,0.576902449131012,0.12977755069732666,-0.4047546982765198,0.9573456048965454,0.4316105842590332,0.12749262154102325,-0.41235992312431335,0.9434475302696228,0.5693941712379456,0.14243243634700775,-0.7681775093078613,0.9797363877296448,0.4463980793952942,0.1406514048576355,-0.7899739742279053,0.9155323505401611,0.567743718624115,0.14812061190605164,-0.8519271016120911,0.9721689224243164,0.44812366366386414,0.1430852711200714,-0.8639346957206726,0.8930006623268127,0.5533835887908936,0.1485455185174942,-0.848118007183075,0.9723090529441833,0.4617822766304016,0.144187793135643,-0.8564103841781616,0.8947723507881165,0.548878014087677,0.14727900922298431,-0.7785115242004395,0.9622975587844849,0.4649903178215027,0.14432360231876373,-0.798768162727356,0.8790421485900879,0.5379669666290283,0.21885159611701965,0.0056367008946835995,0.9996362924575806,0.4701539874076843,0.22022005915641785,-0.00561469467356801,0.9994199872016907,0.5369579195976257,0.29015791416168213,-0.013789981603622437,0.9825484752655029,0.47895315289497375,0.2897528409957886,-0.03369804844260216,0.9779115319252014,0.5164828896522522,0.3613470494747162,0.1102297380566597,0.9548758864402771,0.48823440074920654,0.3636675179004669,0.09859472513198853,0.9626829624176025,0.5091918110847473,0.3686528205871582,0.1134406253695488,0.7324879169464111,0.48814770579338074,0.3728519678115845,0.10282429307699203,0.7016827464103699,0.5257663130760193,0.3824668228626251,-0.04087941348552704,0.953622579574585,0.4863879680633545,0.3829810917377472,-0.05142951384186745,0.9571831226348877
79,0.5019952654838562,0.09682418406009674,-0.18377023935317993,0.9999485015869141,0.509138286113739,0.0896214097738266,-0.16610883176326752,0.9999512434005737,0.5130717158317566,0.08899738639593124,-0.16616809368133545,0.9999472498893738,0.5166152119636536,0.08839543163776398,-0.1661677360534668,0.9999545216560364,0.4957415461540222,0.09061417728662491,-0.16767188906669617,0.9999154806137085,0.4913678765296936,0.0906248390674591,-0.16762664914131165,0.9998907446861267,0.4873836934566498,0.09071595221757889,-0.16753624379634857,0.9998838305473328,0.5225094556808472,0.08875628560781479,-0.022657036781311035,0.99996417760849,0.47923505306243896,0.09168882668018341,-0.03051135502755642,0.9998775720596313,0.510743260383606,0.1032470092177391,-0.1273048222064972,0.9999492168426514,0.4948248267173767,0.10401845723390579,-0.12974633276462555,0.9999164938926697,0.5567811727523804,0.11428552120923996,-0.022255681455135345,0.999951958656311,0.448546826839447,0.1176997646689415,-0.03138239309191704,0.9996287822723389,0.5766966938972473,0.1298571527004242,-0.3828296363353729,0.957131564617157,0.431581050157547,0.12749303877353668,-0.39936545491218567,0.9452056884765625,0.5667849779129028,0.1423831582069397,-0.7462568283081055,0.980022668838501,0.44671499729156494,0.13976716995239258,-0.7800992131233215,0.9184256792068481,0.5657896995544434,0.14828379452228546,-0.8311959505081177,0.9724963307380676,0.4478379786014557,0.14174064993858337,-0.854684054851532,0.896347165107727,0.5503814816474915,0.14865928888320923,-0.8280912637710571,0.9726366996765137,0.461836576461792,0.14283259212970734,-0.8481763005256653,0.8979538083076477,0.5455174446105957,0.14737170934677124,-0.7567040920257568,0.9626955986022949,0.46534112095832825,0.14334501326084137,-0.7890307903289795,0.8822509050369263,0.5383267402648926,0.21877767145633698,0.00529370317235589,0.9996447563171387,0.47023075819015503,0.22019578516483307,-0.005284588318318129,0.9994370341300964,0.5366913676261902,0.2903405725955963,-0.01661187969148159,0.9831229448318481,0.47847509384155273,0.29030802845954895,-0.03200772404670715,0.9783431887626648,0.516173779964447,0.36170294880867004,0.11384118348360062,0.9557562470436096,0.48746463656425476,0.3640981912612915,0.10627313703298569,0.9636801481246948,0.5088619589805603,0.3691255450248718,0.11786629259586334,0.7379895448684692,0.48730823397636414,0.3732270896434784,0.11059072613716125,0.7026354074478149,0.5256974101066589,0.38268911838531494,-0.03669290617108345,0.9548346996307373,0.48452454805374146,0.38305962085723877,-0.04707876220345497,0.9584606289863586
80,0.501772403717041,0.0965370461344719,-0.18040236830711365,0.9999493360519409,0.5089343190193176,0.08931946754455566,-0.1620011031627655,0.999951958656311,0.5129366517066956,0.08870397508144379,-0.16205833852291107,0.9999479055404663,0.5163954496383667,0.0881078913807869,-0.16205231845378876,0.9999551177024841,0.495456725358963,0.09027241915464401,-0.16373227536678314,0.9999170303344727,0.4909709095954895,0.09028491377830505,-0.16369317471981049,0.9998928904533386,0.48693880438804626,0.09038655459880829,-0.16360248625278473,0.9998859763145447,0.5222275853157043,0.08854138851165771,-0.01793905906379223,0.9999645352363586,0.4787224233150482,0.09147229045629501,-0.025833474472165108,0.9998792409896851,0.510618269443512,0.10305295139551163,-0.12355544418096542,0.9999495148658752,0.49444636702537537,0.10377296805381775,-0.1261998414993286,0.9999174475669861,0.5563828349113464,0.11415048688650131,-0.017213813960552216,0.9999499917030334,0.4472968578338623,0.11768888682126999,-0.028453931212425232,0.9996285438537598,0.5768638849258423,0.12994219362735748,-0.3733801543712616,0.9554221034049988,0.4315081834793091,0.12750501930713654,-0.3925061523914337,0.9463042616844177,0.5669626593589783,0.14250920712947845,-0.7365684509277344,0.9793246388435364,0.4468308389186859,0.13956157863140106,-0.7651829123497009,0.9190863966941833,0.5658090114593506,0.14839069545269012,-0.8214197158813477,0.9717978239059448,0.4478383958339691,0.1415322870016098,-0.8401735424995422,0.8968961834907532,0.5504581928253174,0.14806514978408813,-0.8179110884666443,0.9719687104225159,0.4618636965751648,0.14228512346744537,-0.8354261517524719,0.898462176322937,0.5462860465049744,0.14674796164035797,-0.7469162344932556,0.9617921113967896,0.46544739603996277,0.14278794825077057,-0.7748795747756958,0.882558286190033,0.5380266308784485,0.21876248717308044,0.00501515856012702,0.9996554255485535,0.4700816571712494,0.22017766535282135,-0.005006247200071812,0.9994572997093201,0.536434531211853,0.2903423011302948,0.01156178954988718,0.9836222529411316,0.4780791699886322,0.29034867882728577,-0.0034663102123886347,0.9792271852493286,0.5158868432044983,0.36082571744918823,0.16151496767997742,0.9571791291236877,0.48748287558555603,0.3640429675579071,0.14977066218852997,0.9654184579849243,0.5087220072746277,0.3681444525718689,0.16723507642745972,0.7429750561714172,0.48732349276542664,0.3732222318649292,0.15571090579032898,0.709527850151062,0.5254267454147339,0.38268667459487915,0.011194410733878613,0.9565699696540833,0.48444998264312744,0.3831780254840851,-0.002597543876618147,0.9605039358139038
81,0.501770555973053,0.09591607749462128,-0.17771267890930176,0.9999510645866394,0.5088891983032227,0.08870664238929749,-0.1611752212047577,0.9999536871910095,0.5128611922264099,0.08814196288585663,-0.16125890612602234,0.9999495148658752,0.5162667632102966,0.08755051344633102,-0.16127386689186096,0.9999565482139587,0.4954072833061218,0.08964594453573227,-0.16167408227920532,0.9999203085899353,0.49087196588516235,0.08969885855913162,-0.16163384914398193,0.9998969435691833,0.4868078827857971,0.08985841274261475,-0.16153794527053833,0.9998902678489685,0.5220661759376526,0.08813774585723877,-0.012584098614752293,0.9999654293060303,0.47842735052108765,0.09123965352773666,-0.025450177490711212,0.9998840689659119,0.5106141567230225,0.10245715081691742,-0.12251007556915283,0.9999510049819946,0.49443021416664124,0.10317929834127426,-0.12388421595096588,0.999920666217804,0.5562499761581421,0.11381746083498001,-0.005746074486523867,0.9999492764472961,0.4473276734352112,0.11754019558429718,-0.02383342571556568,0.9996362328529358,0.5769001841545105,0.13000115752220154,-0.3558887541294098,0.9549102783203125,0.43021366000175476,0.12751808762550354,-0.3897547125816345,0.9487634897232056,0.5648330450057983,0.1426123082637787,-0.7316151261329651,0.9794342517852783,0.44695624709129333,0.1395188868045807,-0.7400455474853516,0.9216979146003723,0.563052237033844,0.1485884040594101,-0.813073992729187,0.9719656109809875,0.44860202074050903,0.14196263253688812,-0.8158139586448669,0.8993440866470337,0.5469988584518433,0.14831329882144928,-0.8102952837944031,0.9721306562423706,0.4630368649959564,0.1425613909959793,-0.8108044266700745,0.90074223279953,0.5429191589355469,0.14695145189762115,-0.7430517673492432,0.962008535861969,0.4664512574672699,0.142802432179451,-0.7486194372177124,0.8847589492797852,0.5380136370658875,0.21872878074645996,0.0052548861131072044,0.9996669888496399,0.4700833261013031,0.22006283700466156,-0.005249555688351393,0.9994755387306213,0.5360287427902222,0.29061201214790344,0.0025399611331522465,0.983812153339386,0.4779428541660309,0.2904919683933258,-0.004264372400939465,0.9798057079315186,0.515782356262207,0.3602452576160431,0.15501157939434052,0.9578514695167542,0.48749297857284546,0.36378344893455505,0.14695928990840912,0.9664149284362793,0.5085917115211487,0.3676881790161133,0.16124460101127625,0.7488388419151306,0.4872801601886749,0.37314754724502563,0.15271654725074768,0.7128905653953552,0.5256351828575134,0.3826428949832916,0.006987353321164846,0.9574742913246155,0.4851762056350708,0.383200079202652,-0.005068221595138311,0.9615490436553955
82,0.5017541646957397,0.09558820724487305,-0.17875243723392487,0.9999528527259827,0.5087825655937195,0.08824572712182999,-0.16098539531230927,0.9999554753303528,0.5127458572387695,0.08766567707061768,-0.16105063259601593,0.999951183795929,0.5161105394363403,0.08705604076385498,-0.16106370091438293,0.9999580383300781,0.4953188896179199,0.08931111544370651,-0.1626245379447937,0.999923586845398,0.4907582700252533,0.08942202478647232,-0.1625806838274002,0.999900758266449,0.4866645634174347,0.0896332710981369,-0.16249613463878632,0.9998941421508789,0.5219510793685913,0.08773384988307953,-0.013644994236528873,0.9999664425849915,0.47825056314468384,0.09108392149209976,-0.025196313858032227,0.9998888969421387,0.5105887651443481,0.10204815864562988,-0.12193725258111954,0.9999528527259827,0.49441245198249817,0.10290570557117462,-0.1244092583656311,0.9999240636825562,0.5561126470565796,0.11362478137016296,-0.004135660361498594,0.9999486804008484,0.44744691252708435,0.1170080229640007,-0.0265291016548872,0.9996479153633118,0.5769301652908325,0.13007774949073792,-0.3497653901576996,0.9541055560112,0.4300440847873688,0.12766987085342407,-0.3821757733821869,0.9507496953010559,0.5650686621665955,0.14266665279865265,-0.7243738770484924,0.9794679284095764,0.4468708038330078,0.13960686326026917,-0.7371854186058044,0.9244331121444702,0.5632091760635376,0.14866343140602112,-0.8054377436637878,0.9720256328582764,0.4484427273273468,0.14278677105903625,-0.8140736818313599,0.9023314118385315,0.5474445819854736,0.14829868078231812,-0.8032174706459045,0.972209095954895,0.4629167914390564,0.14297328889369965,-0.8105975985527039,0.9035958051681519,0.543515682220459,0.14694245159626007,-0.7343772053718567,0.9622027277946472,0.46631762385368347,0.14293044805526733,-0.7463482618331909,0.8876422047615051,0.5378507375717163,0.21860171854496002,0.007160796783864498,0.9996762871742249,0.47009867429733276,0.21972474455833435,-0.007154024206101894,0.9994930624961853,0.535613477230072,0.2908325791358948,0.00036328856367617846,0.9837760925292969,0.4777936637401581,0.2905854284763336,-0.0031009898521006107,0.9802467823028564,0.5157567858695984,0.3593815863132477,0.16803622245788574,0.9576143026351929,0.48750537633895874,0.3636978566646576,0.15655137598514557,0.9672237038612366,0.5085335969924927,0.36688417196273804,0.17615482211112976,0.7555534839630127,0.4872923791408539,0.37314027547836304,0.16325019299983978,0.7164313197135925,0.5267931222915649,0.3826242685317993,0.02714146114885807,0.9576038718223572,0.4857817590236664,0.383300244808197,0.006597283761948347,0.9622686505317688
83,0.5018017888069153,0.09529180079698563,-0.1876421719789505,0.9999549388885498,0.5087785720825195,0.08784113079309464,-0.16811077296733856,0.9999575018882751,0.5127260684967041,0.08726217597723007,-0.16817092895507812,0.9999531507492065,0.5160840153694153,0.08664164692163467,-0.16818059980869293,0.9999597072601318,0.4953176975250244,0.08900473266839981,-0.17146825790405273,0.9999273419380188,0.49075740575790405,0.0891495794057846,-0.17143426835536957,0.9999054074287415,0.4866677224636078,0.08939266949892044,-0.1713487058877945,0.9998992681503296,0.5219423770904541,0.08738663792610168,-0.016540782526135445,0.9999675154685974,0.47823643684387207,0.09089555591344833,-0.03299838677048683,0.9998947978019714,0.5105865597724915,0.10173675417900085,-0.1284300535917282,0.9999550580978394,0.4945257604122162,0.10267692059278488,-0.13303321599960327,0.9999282360076904,0.556123673915863,0.11360142379999161,-0.001567311235703528,0.9999495148658752,0.44782736897468567,0.1167905405163765,-0.029967134818434715,0.9996621608734131,0.5770588517189026,0.13162164390087128,-0.33566734194755554,0.9548150897026062,0.4292007088661194,0.12987017631530762,-0.37657472491264343,0.9539166688919067,0.5648243427276611,0.14334377646446228,-0.7151325345039368,0.9801660180091858,0.44682615995407104,0.14088936150074005,-0.7322986721992493,0.9292942881584167,0.5626934766769409,0.1502954512834549,-0.8040992617607117,0.9728221297264099,0.44905492663383484,0.147705540060997,-0.8102912306785583,0.9079152345657349,0.5468188524246216,0.15007396042346954,-0.7995469570159912,0.9730048179626465,0.46282029151916504,0.1468455046415329,-0.8085500597953796,0.909029483795166,0.5431240797042847,0.14832346141338348,-0.7286043167114258,0.9632666110992432,0.4662227928638458,0.1455322802066803,-0.7417746782302856,0.8934270739555359,0.5381312966346741,0.21857044100761414,0.008260960690677166,0.9996853470802307,0.47053062915802,0.2195458859205246,-0.008245770819485188,0.9995092749595642,0.5355762243270874,0.290897399187088,-0.00654634227976203,0.9838119745254517,0.4775315523147583,0.29055145382881165,-0.009799218736588955,0.9802769422531128,0.5155500173568726,0.35934197902679443,0.15869708359241486,0.9570928812026978,0.487515926361084,0.36351853609085083,0.15007396042346954,0.9674355983734131,0.50823575258255,0.3666791021823883,0.16677312552928925,0.7618446350097656,0.4873028099536896,0.3728318214416504,0.15653946995735168,0.7174662947654724,0.5270087718963623,0.3825998306274414,0.015854865312576294,0.9575083255767822,0.48562413454055786,0.38330191373825073,-0.0031636464409530163,0.9624602198600769
84,0.5019076466560364,0.0951276570558548,-0.18648897111415863,0.9999561905860901,0.5087687373161316,0.08765583485364914,-0.16660739481449127,0.9999586939811707,0.5127072334289551,0.08705838024616241,-0.1666705161333084,0.999954104423523,0.5160561800003052,0.08640319854021072,-0.16668647527694702,0.9999606013298035,0.49530068039894104,0.08889630436897278,-0.17133019864559174,0.9999297857284546,0.4907437860965729,0.0890616625547409,-0.17130157351493835,0.9999082684516907,0.48664477467536926,0.08933345228433609,-0.17123359441757202,0.9999021887779236,0.5218895673751831,0.08694913983345032,-0.016422022134065628,0.9999676942825317,0.4781930446624756,0.09082808345556259,-0.03425341472029686,0.9998988509178162,0.5106368660926819,0.10159292817115784,-0.12607747316360474,0.9999566078186035,0.4948000907897949,0.10258980840444565,-0.1319645196199417,0.9999312162399292,0.5562587380409241,0.11353372037410736,0.021479375660419464,0.9999513626098633,0.4483391344547272,0.11635719239711761,-0.028236787766218185,0.9996779561042786,0.5776746869087219,0.13483288884162903,-0.27576637268066406,0.9541141986846924,0.4289492666721344,0.133521169424057,-0.34775134921073914,0.9568002223968506,0.5650140047073364,0.14715546369552612,-0.6506192684173584,0.9806656837463379,0.44679075479507446,0.14369699358940125,-0.7039526104927063,0.9339991211891174,0.5618757009506226,0.15504629909992218,-0.7392390370368958,0.9735477566719055,0.45039689540863037,0.15374977886676788,-0.7808067798614502,0.9134970307350159,0.5468229055404663,0.15388897061347961,-0.7451845407485962,0.9737628102302551,0.46353885531425476,0.15270717442035675,-0.782789945602417,0.9145199060440063,0.5434272885322571,0.15200382471084595,-0.6649980545043945,0.9642102718353271,0.46641525626182556,0.15029527246952057,-0.7144989967346191,0.8992230296134949,0.5386510491371155,0.21851973235607147,0.010407223366200924,0.9996916651725769,0.47109612822532654,0.21941833198070526,-0.010348743759095669,0.9995181560516357,0.5350874066352844,0.29128357768058777,-0.012032374739646912,0.9841175079345703,0.47721806168556213,0.29108771681785583,-0.012064550071954727,0.9802953600883484,0.5155935883522034,0.359322726726532,0.15874028205871582,0.957556426525116,0.487069308757782,0.36320677399635315,0.15150612592697144,0.9674505591392517,0.508378267288208,0.36669543385505676,0.16720563173294067,0.7706571817398071,0.4871586561203003,0.37267106771469116,0.1584133803844452,0.7166929841041565,0.5273145437240601,0.3824642300605774,0.014441740699112415,0.9577872157096863,0.4834740459918976,0.38300493359565735,-0.002112053567543626,0.9622677564620972
85,0.5019406676292419,0.09494030475616455,-0.19171564280986786,0.999958336353302,0.5087308287620544,0.0874614492058754,-0.17006298899650574,0.9999604821205139,0.5126821398735046,0.08685854822397232,-0.17013753950595856,0.9999558329582214,0.5160272121429443,0.08618299663066864,-0.1701544225215912,0.9999621510505676,0.495259553194046,0.08867447823286057,-0.17628824710845947,0.9999333024024963,0.4907228946685791,0.08882907032966614,-0.17627355456352234,0.9999126195907593,0.4866420030593872,0.08911062777042389,-0.17622262239456177,0.9999067187309265,0.5218797922134399,0.08652610331773758,-0.015611067414283752,0.999968409538269,0.47819164395332336,0.09053865820169449,-0.0384322926402092,0.9999037384986877,0.5107038617134094,0.1013743206858635,-0.12893013656139374,0.9999591112136841,0.49489498138427734,0.10239538550376892,-0.13697214424610138,0.9999355673789978,0.5570749640464783,0.11374182254076004,0.035754796117544174,0.9999548196792603,0.4485040605068207,0.11637865751981735,-0.02670114114880562,0.9996994137763977,0.5796181559562683,0.14113354682922363,-0.20997923612594604,0.9562000632286072,0.4289507269859314,0.13917560875415802,-0.3078732192516327,0.9601168036460876,0.562071681022644,0.1554572880268097,-0.5613162517547607,0.9820007681846619,0.4477998614311218,0.15023604035377502,-0.6588023900985718,0.9393531084060669,0.5573376417160034,0.16437849402427673,-0.6473566889762878,0.9752397537231445,0.4522823095321655,0.16144944727420807,-0.7361559867858887,0.9200237989425659,0.5442141890525818,0.16187182068824768,-0.6572747826576233,0.9754661321640015,0.4643326997756958,0.15988720953464508,-0.7408072352409363,0.9209422469139099,0.5417866706848145,0.1597060114145279,-0.5752350091934204,0.9663746953010559,0.4667060673236847,0.15702089667320251,-0.6696351170539856,0.9062837958335876,0.5390380024909973,0.21854273974895477,0.014847799204289913,0.9996989369392395,0.471713662147522,0.2194461077451706,-0.014710980467498302,0.9995325207710266,0.5350393056869507,0.29130861163139343,-0.015842033550143242,0.9841006398200989,0.47712379693984985,0.29131951928138733,-0.039752256125211716,0.9803450703620911,0.5155922770500183,0.3593383729457855,0.15847903490066528,0.957575261592865,0.48705360293388367,0.3633105158805847,0.1397985816001892,0.9676826596260071,0.5083726048469543,0.3668085038661957,0.16730789840221405,0.7802993655204773,0.48712781071662903,0.373042494058609,0.15077896416187286,0.719855546951294,0.5275024175643921,0.38247862458229065,0.015701178461313248,0.9580597877502441,0.4821259677410126,0.38300222158432007,-0.02243092656135559,0.9624353647232056
86,0.5020796060562134,0.09482697397470474,-0.20850399136543274,0.9999530911445618,0.5087272524833679,0.08728241920471191,-0.1840730607509613,0.9999501705169678,0.5126788020133972,0.08666853606700897,-0.1841614842414856,0.999943733215332,0.5160244703292847,0.08595512807369232,-0.18418289721012115,0.9999504089355469,0.4952501058578491,0.08849058300256729,-0.19063661992549896,0.9999217391014099,0.49071961641311646,0.08864329755306244,-0.19064506888389587,0.9998987913131714,0.4866391718387604,0.08893121778964996,-0.19063328206539154,0.9998921751976013,0.5218783020973206,0.08616245537996292,-0.01786770112812519,0.9999539256095886,0.4782171845436096,0.09022946655750275,-0.045974113047122955,0.9998877644538879,0.5108977556228638,0.10116656124591827,-0.14275071024894714,0.9999551773071289,0.49510204792022705,0.10233264416456223,-0.15131041407585144,0.999932587146759,0.5581701993942261,0.11411755532026291,0.05216894671320915,0.9999573230743408,0.44848522543907166,0.11770252138376236,-0.009199225343763828,0.9997103810310364,0.5834468603134155,0.1505739837884903,-0.10212487727403641,0.9586939215660095,0.42937397956848145,0.14830349385738373,-0.21014846861362457,0.963151216506958,0.5594907402992249,0.16585756838321686,-0.405765563249588,0.9832025766372681,0.4489904046058655,0.15934056043624878,-0.5278670787811279,0.9444847702980042,0.5516036152839661,0.17579051852226257,-0.4850774109363556,0.9765778183937073,0.454852432012558,0.17161108553409576,-0.6016491055488586,0.9262719750404358,0.5393696427345276,0.1725391447544098,-0.49952980875968933,0.9768281579017639,0.46571505069732666,0.1703943908214569,-0.6123561859130859,0.9271098971366882,0.5381303429603577,0.16964608430862427,-0.41935834288597107,0.9680051803588867,0.46720972657203674,0.16649700701236725,-0.5391224026679993,0.9130678176879883,0.5390526652336121,0.2187155783176422,0.013769214041531086,0.9996894598007202,0.4719536006450653,0.21944740414619446,-0.01365638803690672,0.9995229244232178,0.5349811911582947,0.291439414024353,-0.03579079732298851,0.9842551350593567,0.47702157497406006,0.2914521396160126,-0.05424876883625984,0.9798264503479004,0.5155599117279053,0.3596403896808624,0.15506131947040558,0.9587229490280151,0.4868764281272888,0.36351722478866577,0.13455678522586823,0.9677498936653137,0.5083746910095215,0.36761239171028137,0.1607869267463684,0.7909111976623535,0.48699578642845154,0.3733288645744324,0.1490774005651474,0.7250688672065735,0.5272781252861023,0.38265031576156616,0.004556966479867697,0.9588070511817932,0.4802493751049042,0.38301602005958557,-0.03618549928069115,0.9621297121047974
87,0.5020550489425659,0.09480592608451843,-0.25829970836639404,0.9999521374702454,0.5085077285766602,0.08722283691167831,-0.2344118058681488,0.9999451637268066,0.5125864148139954,0.08660653978586197,-0.23448434472084045,0.9999380707740784,0.5158963799476624,0.08590225130319595,-0.2345055341720581,0.9999437928199768,0.49507784843444824,0.08839506655931473,-0.23973341286182404,0.9999167919158936,0.4905999004840851,0.08854149281978607,-0.2397632747888565,0.9998932480812073,0.4865652620792389,0.08882145583629608,-0.23975378274917603,0.9998860359191895,0.5218656659126282,0.08607983589172363,-0.0614498071372509,0.9999449849128723,0.478366494178772,0.08998804539442062,-0.08608231693506241,0.9998806118965149,0.5109291076660156,0.10108307003974915,-0.19021525979042053,0.9999549388885498,0.4951028823852539,0.1023140400648117,-0.19717250764369965,0.9999338984489441,0.5591391921043396,0.11473045498132706,0.03975207731127739,0.9999602437019348,0.4484407901763916,0.11841987818479538,-0.010580318048596382,0.9997268319129944,0.5841705203056335,0.15559719502925873,-0.061215590685606,0.961516261100769,0.42937225103378296,0.15578442811965942,-0.14835654199123383,0.9657095074653625,0.5565289258956909,0.17521077394485474,-0.34563276171684265,0.9843129515647888,0.45186156034469604,0.17230288684368134,-0.44053855538368225,0.9488319158554077,0.5493943095207214,0.188005730509758,-0.42149248719215393,0.9777054190635681,0.4599217176437378,0.1860256791114807,-0.5108647346496582,0.9314444065093994,0.5375186204910278,0.18380679190158844,-0.4437403976917267,0.9779871106147766,0.4684545695781708,0.18342897295951843,-0.5302983522415161,0.9322460293769836,0.5363258123397827,0.17960773408412933,-0.3612128496170044,0.9693605899810791,0.46902036666870117,0.17929498851299286,-0.4538133144378662,0.9185816645622253,0.539042055606842,0.21843992173671722,0.01387648843228817,0.9996781945228577,0.47208428382873535,0.21892604231834412,-0.013693612068891525,0.9995139837265015,0.5349429845809937,0.29143401980400085,-0.041274916380643845,0.9843709468841553,0.4769362211227417,0.29142066836357117,-0.055525101721286774,0.9796719551086426,0.5155561566352844,0.3598767817020416,0.15312409400939941,0.9602669477462769,0.48666563630104065,0.3636746108531952,0.12877346575260162,0.9685071706771851,0.5084265470504761,0.3681192696094513,0.15764294564723969,0.8025306463241577,0.48685353994369507,0.3735465109348297,0.14082910120487213,0.7338060140609741,0.5272679328918457,0.382656991481781,-0.010776590555906296,0.9598382115364075,0.4797629415988922,0.3830238878726959,-0.05019824579358101,0.9623386263847351
88,0.5020556449890137,0.09475938975811005,-0.4046078622341156,0.9999545216560364,0.5083521604537964,0.08703836798667908,-0.38621285557746887,0.9999447464942932,0.5125302672386169,0.08638826012611389,-0.38625428080558777,0.9999377727508545,0.5158535242080688,0.08562184870243073,-0.3862841725349426,0.9999421834945679,0.49487096071243286,0.08821239322423935,-0.38782814145088196,0.9999178647994995,0.49043628573417664,0.08838940411806107,-0.38786962628364563,0.9998950362205505,0.4863854944705963,0.08868139237165451,-0.38787126541137695,0.9998877048492432,0.5218856334686279,0.08566667139530182,-0.22288796305656433,0.9999409914016724,0.4784303307533264,0.08972741663455963,-0.23072877526283264,0.9998800158500671,0.5110613107681274,0.10096301883459091,-0.3383153975009918,0.9999566078186035,0.495111882686615,0.10229774564504623,-0.34051603078842163,0.9999373555183411,0.5618235468864441,0.11687932908535004,-0.08687782287597656,0.9999630451202393,0.4484439492225647,0.11965309828519821,-0.10593052953481674,0.9997461438179016,0.5842214226722717,0.16392828524112701,-0.06998150795698166,0.9644224047660828,0.4287300705909729,0.16218699514865875,-0.1272379457950592,0.9672367572784424,0.5529561638832092,0.19370028376579285,-0.26983705163002014,0.984928548336029,0.45310497283935547,0.18857303261756897,-0.3569381535053253,0.9510043263435364,0.5460230112075806,0.20626100897789001,-0.3297932744026184,0.9776999950408936,0.4597293436527252,0.20303136110305786,-0.41604581475257874,0.9331772923469543,0.5357990264892578,0.20249076187610626,-0.3656425476074219,0.9780474901199341,0.46852901577949524,0.2003786861896515,-0.4470277428627014,0.9340384602546692,0.5351463556289673,0.1986394226551056,-0.2870347201824188,0.9692391157150269,0.4691520929336548,0.19571879506111145,-0.37270769476890564,0.9198852181434631,0.5388242602348328,0.21748380362987518,0.012563355267047882,0.9996516108512878,0.47203901410102844,0.21667125821113586,-0.012363524176180363,0.9994931817054749,0.535196840763092,0.2914850115776062,-0.037099193781614304,0.9842140674591064,0.4769391119480133,0.29130592942237854,-0.04928519204258919,0.9794216156005859,0.5154175162315369,0.36006519198417664,0.15467195212841034,0.9616274833679199,0.48574671149253845,0.3632526397705078,0.14887645840644836,0.968953549861908,0.508357584476471,0.3682883679866791,0.16207827627658844,0.8106426000595093,0.4858623445034027,0.3727424442768097,0.15791602432727814,0.7402222752571106,0.52546226978302,0.38275226950645447,-0.0097380131483078,0.9603533148765564,0.47943058609962463,0.38292017579078674,-0.022456306964159012,0.9621750712394714
89,0.5022034049034119,0.09472890943288803,-0.4991767108440399,0.9999577403068542,0.5083060264587402,0.08697018772363663,-0.48325398564338684,0.9999462962150574,0.5125253796577454,0.08630113303661346,-0.4832632541656494,0.999939501285553,0.5158504247665405,0.08549938350915909,-0.48328110575675964,0.9999427795410156,0.49484965205192566,0.08813872188329697,-0.48373061418533325,0.9999222755432129,0.490432471036911,0.08833073079586029,-0.48380574584007263,0.9999011754989624,0.48638197779655457,0.08863938599824905,-0.4838380515575409,0.9998943209648132,0.5218939185142517,0.08548463135957718,-0.3283628225326538,0.9999380707740784,0.47856223583221436,0.0896773710846901,-0.3317592442035675,0.999885618686676,0.5114976167678833,0.10087668895721436,-0.435732901096344,0.9999586939811707,0.49531301856040955,0.1023007407784462,-0.4367426931858063,0.9999416470527649,0.5647047162055969,0.11948215961456299,-0.18633590638637543,0.9999645352363586,0.4481731355190277,0.12133898586034775,-0.20176270604133606,0.9997678995132446,0.5849447250366211,0.16985544562339783,-0.1369098424911499,0.967171847820282,0.42770928144454956,0.1686829924583435,-0.18427427113056183,0.9695236682891846,0.5533862709999084,0.204507976770401,-0.31742945313453674,0.9853091835975647,0.4536702334880829,0.20155689120292664,-0.377672016620636,0.9541770219802856,0.5475770235061646,0.21847940981388092,-0.37121936678886414,0.9772446751594543,0.4592103362083435,0.21641190350055695,-0.4300082325935364,0.9364596009254456,0.5369898676872253,0.21381844580173492,-0.4097423553466797,0.9776610732078552,0.4682931900024414,0.21396030485630035,-0.46233370900154114,0.9373092651367188,0.5359039902687073,0.2093771994113922,-0.33477821946144104,0.968676745891571,0.46908700466156006,0.20901420712471008,-0.39254772663116455,0.9232621788978577,0.5392069220542908,0.21745963394641876,0.009029282256960869,0.9996039271354675,0.4721145033836365,0.2166634202003479,-0.008930398151278496,0.9994797110557556,0.5351540446281433,0.2917415499687195,-0.019304726272821426,0.9838147163391113,0.4764930307865143,0.29130133986473083,-0.015679415315389633,0.9793371558189392,0.5154877305030823,0.36070355772972107,0.15762625634670258,0.9626813530921936,0.48512572050094604,0.3633488714694977,0.16241924464702606,0.9694968461990356,0.5086396932601929,0.36908891797065735,0.16462020576000214,0.8182199001312256,0.48564356565475464,0.372830331325531,0.1697392463684082,0.74683678150177,0.5251860022544861,0.38292360305786133,0.0011033662594854832,0.9608476758003235,0.4781002402305603,0.38294488191604614,0.002294572303071618,0.9621559977531433
90,0.5023469924926758,0.09469684958457947,-0.6290580034255981,0.9999594688415527,0.5083007216453552,0.08689050376415253,-0.6127200126647949,0.9999440312385559,0.5125399231910706,0.08620632439851761,-0.6127239465713501,0.9999375939369202,0.5158564448356628,0.0853930413722992,-0.61278235912323,0.9999398589134216,0.4948485195636749,0.08805975317955017,-0.6135277152061462,0.9999235272407532,0.490451842546463,0.08826281875371933,-0.6136534810066223,0.9999041557312012,0.4864339232444763,0.08856502175331116,-0.6137046217918396,0.9998980164527893,0.5219030976295471,0.08545232564210892,-0.4531420171260834,0.9999275207519531,0.47882217168807983,0.08960925042629242,-0.45887044072151184,0.999888002872467,0.5118072032928467,0.10079734772443771,-0.5642040967941284,0.9999587535858154,0.4954151213169098,0.10224601626396179,-0.5659140348434448,0.9999446868896484,0.5667465329170227,0.12164070457220078,-0.3028850853443146,0.9999649524688721,0.44651326537132263,0.12311489135026932,-0.311597615480423,0.9997877478599548,0.5859513282775879,0.17402781546115875,-0.23407284915447235,0.9698676466941833,0.4239324927330017,0.17494042217731476,-0.22228936851024628,0.9720557332038879,0.5553199052810669,0.21520009636878967,-0.38227224349975586,0.985416054725647,0.45001792907714844,0.21499626338481903,-0.38988322019577026,0.9572950005531311,0.5535138845443726,0.22976252436637878,-0.4346088767051697,0.9760504364967346,0.45322829484939575,0.22830229997634888,-0.436963826417923,0.9393798112869263,0.5435859560966492,0.2270868569612503,-0.47450584173202515,0.9765610098838806,0.4635571241378784,0.22657662630081177,-0.473801851272583,0.9401940107345581,0.5413665771484375,0.22328893840312958,-0.3996894359588623,0.9672253727912903,0.4645998775959015,0.22277966141700745,-0.4051479399204254,0.9262213110923767,0.5392999053001404,0.21835847198963165,0.007098028901964426,0.999581515789032,0.4720759689807892,0.2175845354795456,-0.007017659489065409,0.9994811415672302,0.5346493721008301,0.29304373264312744,-0.004378638695925474,0.9828850626945496,0.47618135809898376,0.29187843203544617,-0.01233195886015892,0.9789160490036011,0.515582799911499,0.3612832725048065,0.1902461051940918,0.9636147022247314,0.4842032492160797,0.3635403513908386,0.1917724758386612,0.9699884057044983,0.5091246366500854,0.36958572268486023,0.19933801889419556,0.8262726068496704,0.48510879278182983,0.37291601300239563,0.2021356076002121,0.7525360584259033,0.5250077247619629,0.3830135464668274,0.03643675148487091,0.9613264799118042,0.47587212920188904,0.3828555643558502,0.03172857314348221,0.9623014330863953
91,0.5023905634880066,0.09470190852880478,-0.6151160001754761,0.99996018409729,0.5082513689994812,0.08689296245574951,-0.6013715863227844,0.9999373555183411,0.5125253796577454,0.0861973911523819,-0.6013719439506531,0.9999316334724426,0.5158423781394958,0.08536305278539658,-0.601424515247345,0.9999317526817322,0.494838684797287,0.0880710557103157,-0.6018421053886414,0.9999201893806458,0.49044862389564514,0.08828236162662506,-0.6019611358642578,0.9999024868011475,0.48642969131469727,0.0885876938700676,-0.6020303964614868,0.9998962879180908,0.5218372941017151,0.08541420102119446,-0.45047688484191895,0.9999087452888489,0.47883638739585876,0.08962320536375046,-0.4541119635105133,0.9998821020126343,0.511911153793335,0.10075961798429489,-0.5525659918785095,0.9999574422836304,0.4954167604446411,0.1022518053650856,-0.5537025332450867,0.999945878982544,0.5679421424865723,0.12279460579156876,-0.3075930178165436,0.999965250492096,0.4452652037143707,0.12442373484373093,-0.3098909556865692,0.9998055100440979,0.5858767628669739,0.17787398397922516,-0.23799650371074677,0.9722506403923035,0.42269426584243774,0.17777244746685028,-0.23233915865421295,0.974004864692688,0.56586754322052,0.2255377471446991,-0.3597720265388489,0.9856570363044739,0.43760794401168823,0.22535069286823273,-0.36731839179992676,0.959860622882843,0.5689417123794556,0.23953329026699066,-0.405439168214798,0.9755147099494934,0.4378567934036255,0.2391340136528015,-0.40911898016929626,0.9417331218719482,0.5607500076293945,0.23776724934577942,-0.4472479522228241,0.976165771484375,0.4470423460006714,0.23803730309009552,-0.451266348361969,0.94261634349823,0.5580238699913025,0.23337428271770477,-0.37729570269584656,0.9669710397720337,0.44919171929359436,0.23348674178123474,-0.38449570536613464,0.9290459156036377,0.5394130349159241,0.22225353121757507,0.0015996049623936415,0.9995474219322205,0.47256168723106384,0.22213654220104218,-0.0015751892933622003,0.9994716048240662,0.533199667930603,0.29545390605926514,0.03556593134999275,0.982309103012085,0.47533440589904785,0.29355910420417786,0.023948121815919876,0.9783508777618408,0.5154809951782227,0.3607427179813385,0.2654127776622772,0.9646758437156677,0.4840202033519745,0.36291852593421936,0.27062997221946716,0.9701424837112427,0.509552538394928,0.3672043979167938,0.2783632278442383,0.8323267102241516,0.4851175844669342,0.3713679015636444,0.2861398160457611,0.7587312459945679,0.5224387645721436,0.3826982080936432,0.12516452372074127,0.9618405699729919,0.47245949506759644,0.38282260298728943,0.12489296495914459,0.9622194766998291
92,0.502314031124115,0.09470583498477936,-0.59422767162323,0.9999620914459229,0.5079955458641052,0.08687523752450943,-0.5821398496627808,0.9999359846115112,0.5124247670173645,0.08613789826631546,-0.5821222066879272,0.9999305009841919,0.5158076882362366,0.08526764810085297,-0.5821492671966553,0.9999296069145203,0.49462512135505676,0.08807305246591568,-0.5818342566490173,0.9999212026596069,0.490327388048172,0.08828388154506683,-0.5819421410560608,0.9999049305915833,0.48621973395347595,0.08858882635831833,-0.5819980502128601,0.9998989701271057,0.5218203067779541,0.08530472964048386,-0.4359781742095947,0.9999017715454102,0.47886544466018677,0.0896204486489296,-0.4371066689491272,0.9998838305473328,0.5119358897209167,0.10066690295934677,-0.5333967804908752,0.9999589323997498,0.495402067899704,0.10224518924951553,-0.5337573289871216,0.9999492168426514,0.5698771476745605,0.12487392127513885,-0.2877289652824402,0.9999662041664124,0.44331562519073486,0.12541106343269348,-0.29590728878974915,0.9998230338096619,0.5862110257148743,0.18071767687797546,-0.21244390308856964,0.9743461608886719,0.4192012846469879,0.18017663061618805,-0.22391283512115479,0.9757977724075317,0.5799483060836792,0.2288164645433426,-0.3070187568664551,0.9857416152954102,0.4212855398654938,0.22866852581501007,-0.3326705992221832,0.9614554643630981,0.586069643497467,0.24423056840896606,-0.34497085213661194,0.9746890068054199,0.4185508191585541,0.24464315176010132,-0.36874696612358093,0.9424108862876892,0.5753504037857056,0.2433217614889145,-0.3897095322608948,0.9755098223686218,0.42968249320983887,0.24318695068359375,-0.41337791085243225,0.9434213042259216,0.5708373188972473,0.2376483827829361,-0.3251994848251343,0.966445803642273,0.4342760741710663,0.23748251795768738,-0.3509007692337036,0.9301410913467407,0.5390640497207642,0.22382649779319763,0.0061043486930429935,0.9995167255401611,0.4714508354663849,0.22421880066394806,-0.0061576650477945805,0.9994655847549438,0.5322906970977783,0.2981645464897156,0.03975120186805725,0.9820361733436584,0.47511738538742065,0.2960256040096283,0.0059704347513616085,0.9792661070823669,0.5154780149459839,0.3607423007488251,0.2694553732872009,0.9657694697380066,0.4840269982814789,0.36303722858428955,0.23653356730937958,0.9709230065345764,0.5100016593933105,0.3669664263725281,0.2825470566749573,0.8391708135604858,0.4851253926753998,0.3714520037174225,0.25055843591690063,0.7651702761650085,0.5228124260902405,0.38273724913597107,0.12859591841697693,0.9623275399208069,0.472606897354126,0.38314563035964966,0.08211204409599304,0.9625041484832764
93,0.5022878050804138,0.09493299573659897,-0.5653941035270691,0.9999633431434631,0.507712721824646,0.0870179608464241,-0.5540421009063721,0.9999321103096008,0.5122114419937134,0.08623859286308289,-0.5540252923965454,0.9999266862869263,0.5157079100608826,0.08534041792154312,-0.5540434122085571,0.9999243021011353,0.49450311064720154,0.08821599185466766,-0.5536835789680481,0.9999204277992249,0.49028337001800537,0.08840019255876541,-0.553784191608429,0.999905526638031,0.4861646294593811,0.08863352984189987,-0.5538411736488342,0.999899685382843,0.5215238332748413,0.08531400561332703,-0.41537007689476013,0.9998889565467834,0.4790484309196472,0.08963232487440109,-0.4159734845161438,0.9998836517333984,0.5119341015815735,0.1007516086101532,-0.5074599981307983,0.9999590516090393,0.4954083561897278,0.10239604860544205,-0.5076113939285278,0.9999514222145081,0.5708393454551697,0.12599438428878784,-0.27285629510879517,0.9999657273292542,0.44257035851478577,0.12664292752742767,-0.28283849358558655,0.9998387098312378,0.5884661674499512,0.1813439577817917,-0.18898659944534302,0.9760768413543701,0.41509300470352173,0.18205051124095917,-0.21838562190532684,0.9774013161659241,0.5955905318260193,0.2324211150407791,-0.2751120328903198,0.9856428503990173,0.4086204767227173,0.2310035675764084,-0.31448590755462646,0.9630333185195923,0.600550651550293,0.24853278696537018,-0.30595386028289795,0.973568856716156,0.4005095958709717,0.24782158434391022,-0.3449733853340149,0.94310063123703,0.5928524136543274,0.24858416616916656,-0.3501335382461548,0.9746021032333374,0.4114847779273987,0.24849700927734375,-0.390057235956192,0.9442571401596069,0.5887069702148438,0.2431662380695343,-0.29325005412101746,0.9658501744270325,0.4176364243030548,0.24262352287769318,-0.3331919014453888,0.9315237998962402,0.5384942293167114,0.2244892418384552,0.006623152643442154,0.9994739294052124,0.4704679548740387,0.224710151553154,-0.0067129842936992645,0.999457597732544,0.5319607853889465,0.2988981306552887,0.04630787670612335,0.9815855026245117,0.47497496008872986,0.2961956858634949,0.00417686440050602,0.9800158739089966,0.51509690284729,0.3614567220211029,0.23889674246311188,0.9669055342674255,0.48380935192108154,0.3632071614265442,0.21261413395404816,0.9717298746109009,0.5098026394844055,0.36822038888931274,0.2482529878616333,0.8462848663330078,0.4848284125328064,0.37154924869537354,0.2239445298910141,0.7737091183662415,0.5226750373840332,0.38273414969444275,0.10031601786613464,0.9628579020500183,0.47255000472068787,0.3832237124443054,0.06122668832540512,0.9630297422409058
94,0.5022095441818237,0.0959363505244255,-0.6928533315658569,0.99996417760849,0.5073873400688171,0.08806563913822174,-0.6819803714752197,0.9999285936355591,0.5119279623031616,0.08732150495052338,-0.681973397731781,0.9999233484268188,0.5155829787254333,0.08637234568595886,-0.6820418834686279,0.9999203085899353,0.49426427483558655,0.08906329423189163,-0.6793801188468933,0.9999184012413025,0.4901331663131714,0.08916563540697098,-0.6795156002044678,0.9999040961265564,0.4858653247356415,0.08927632123231888,-0.6795822978019714,0.9998985528945923,0.5211671590805054,0.08572586625814438,-0.5307785272598267,0.9998788833618164,0.4790477156639099,0.0899791419506073,-0.520776629447937,0.9998788833618164,0.5118809342384338,0.10163266956806183,-0.6293628811836243,0.9999594688415527,0.49536314606666565,0.10342582315206528,-0.6265438795089722,0.9999533891677856,0.5707939267158508,0.12663061916828156,-0.3694695234298706,0.9999671578407288,0.44198012351989746,0.12728235125541687,-0.3575531542301178,0.9998528361320496,0.5911394953727722,0.1815292090177536,-0.28221234679222107,0.9778351187705994,0.4099886119365692,0.18198256194591522,-0.2732754349708557,0.9788537621498108,0.6042143702507019,0.2325742393732071,-0.34641286730766296,0.9857270121574402,0.3948659300804138,0.2305445820093155,-0.37579378485679626,0.964218258857727,0.6100758910179138,0.24838772416114807,-0.40106409788131714,0.9728450775146484,0.38847559690475464,0.24799372255802155,-0.4106892943382263,0.9429302215576172,0.6028866767883301,0.24865898489952087,-0.433418333530426,0.9740254282951355,0.395590603351593,0.2492738515138626,-0.45760852098464966,0.9443122744560242,0.5979865789413452,0.2429419457912445,-0.3579089641571045,0.965430736541748,0.40119561553001404,0.24314767122268677,-0.3956928551197052,0.931938648223877,0.5381907224655151,0.22407422959804535,0.0068516540341079235,0.9994523525238037,0.4696026146411896,0.2245672643184662,-0.006948880385607481,0.9994401931762695,0.5309771299362183,0.29823869466781616,0.033706534653902054,0.9812231063842773,0.4748400151729584,0.29637953639030457,-0.00022338835697155446,0.9805772304534912,0.5151596665382385,0.3611244261264801,0.28298860788345337,0.9679661393165588,0.48351383209228516,0.3631824553012848,0.25089773535728455,0.9724952578544617,0.5102410912513733,0.36754947900772095,0.2982856035232544,0.8499190211296082,0.48470282554626465,0.37138423323631287,0.26741206645965576,0.7788270711898804,0.522447407245636,0.38270822167396545,0.13518884778022766,0.9635530114173889,0.4728138744831085,0.38355037569999695,0.08923192322254181,0.9636808037757874
95,0.5031019449234009,0.09698113799095154,-0.7232849597930908,0.9999637603759766,0.5076138377189636,0.08901773393154144,-0.7102853059768677,0.999921977519989,0.5120624899864197,0.08828078210353851,-0.710311233997345,0.9999176859855652,0.5156301856040955,0.08731881529092789,-0.7104088068008423,0.9999142289161682,0.4947263300418854,0.09001777321100235,-0.7093393802642822,0.9999119639396667,0.4905202090740204,0.09015031158924103,-0.7094795107841492,0.9998979568481445,0.4863380789756775,0.09033111482858658,-0.7095314264297485,0.9998913407325745,0.5211475491523743,0.08632611483335495,-0.5502341389656067,0.9998641014099121,0.47919324040412903,0.09073424339294434,-0.5474103689193726,0.9998639225959778,0.5124207139015198,0.10254781693220139,-0.6565731763839722,0.9999587535858154,0.49628695845603943,0.1046658605337143,-0.6558790802955627,0.9999536871910095,0.5705243945121765,0.12671945989131927,-0.3870916962623596,0.999968945980072,0.4416585862636566,0.12782154977321625,-0.37592652440071106,0.9998646378517151,0.5961533188819885,0.18088093400001526,-0.31054776906967163,0.9793935418128967,0.40753403306007385,0.18260492384433746,-0.2893337905406952,0.9794309139251709,0.6151973009109497,0.232285276055336,-0.388515442609787,0.9855924248695374,0.38277655839920044,0.22859899699687958,-0.3824138641357422,0.9620695114135742,0.6240828633308411,0.24815860390663147,-0.4188888370990753,0.9716114401817322,0.37423574924468994,0.2446245551109314,-0.41484519839286804,0.9371727705001831,0.6175470948219299,0.24915450811386108,-0.46488291025161743,0.9729688167572021,0.3774091601371765,0.24572987854480743,-0.4675600826740265,0.9393438696861267,0.612829327583313,0.24342745542526245,-0.40759512782096863,0.9644291996955872,0.38141441345214844,0.2408652901649475,-0.4050913453102112,0.9269112944602966,0.5387157201766968,0.22400692105293274,0.009034892544150352,0.9994359016418457,0.4698050916194916,0.2252395898103714,-0.00908858422189951,0.9994352459907532,0.5294687151908875,0.29810255765914917,0.06860010325908661,0.980398952960968,0.4748181998729706,0.29623526334762573,-0.053420618176460266,0.9811333417892456,0.5161151885986328,0.360552042722702,0.34363341331481934,0.9687983989715576,0.48343855142593384,0.36320722103118896,0.20926466584205627,0.9732887148857117,0.511954665184021,0.3671676218509674,0.36078041791915894,0.8520036935806274,0.48462992906570435,0.3714151680469513,0.22989875078201294,0.7827243208885193,0.5232320427894592,0.38257190585136414,0.19382789731025696,0.9641023278236389,0.47369277477264404,0.3834807276725769,0.019049659371376038,0.9647356271743774
96,0.5031245946884155,0.09887492656707764,-0.7016102075576782,0.9999646544456482,0.5076724886894226,0.09046942740678787,-0.6892871856689453,0.999920129776001,0.5121559500694275,0.08963382244110107,-0.6893182992935181,0.9999169111251831,0.5156835913658142,0.0887153148651123,-0.6894206404685974,0.9999130964279175,0.49474650621414185,0.09164919704198837,-0.6875947713851929,0.9999104142189026,0.4905245304107666,0.09175238013267517,-0.6877211928367615,0.999896764755249,0.4863351881504059,0.09184632450342178,-0.687752902507782,0.9998889565467834,0.5211828947067261,0.08744748681783676,-0.5330349802970886,0.9998618364334106,0.4792603552341461,0.09168527275323868,-0.5264685750007629,0.9998599886894226,0.5124568343162537,0.10453131794929504,-0.6361832618713379,0.9999590516090393,0.49634185433387756,0.10661894828081131,-0.634390115737915,0.9999542832374573,0.5704131126403809,0.12696275115013123,-0.3771314322948456,0.9999710321426392,0.44146308302879333,0.12760625779628754,-0.34710752964019775,0.9998757839202881,0.6010953783988953,0.17879681289196014,-0.30912333726882935,0.9810426831245422,0.4050522446632385,0.17939215898513794,-0.250442236661911,0.9802585244178772,0.6257332563400269,0.22865207493305206,-0.4101693034172058,0.9860630631446838,0.37439748644828796,0.22409723699092865,-0.31177160143852234,0.9628562927246094,0.6365639567375183,0.24365821480751038,-0.4279910922050476,0.97185218334198,0.36297130584716797,0.23965613543987274,-0.3369597792625427,0.9367594718933105,0.6295008659362793,0.24482153356075287,-0.4895792007446289,0.9733099341392517,0.3668555021286011,0.24043303728103638,-0.39148738980293274,0.9393587112426758,0.6246656775474548,0.23987950384616852,-0.43116024136543274,0.9650421142578125,0.3718593120574951,0.23553220927715302,-0.33467766642570496,0.9273290634155273,0.5387136936187744,0.22431346774101257,0.002792194951325655,0.9994236826896667,0.4697045683860779,0.22552312910556793,-0.0027574936393648386,0.9994234442710876,0.5285031199455261,0.29772692918777466,0.008674626238644123,0.9797382354736328,0.4748174548149109,0.2961994409561157,-0.07201899588108063,0.9810964465141296,0.5160005688667297,0.3640623092651367,0.245607390999794,0.9696782827377319,0.4834465980529785,0.3647812306880951,0.1617886871099472,0.9735943078994751,0.511975109577179,0.37150201201438904,0.2570769190788269,0.8530775904655457,0.48477035760879517,0.3731766641139984,0.1750899702310562,0.785205602645874,0.5238316059112549,0.3835168778896332,0.07295722514390945,0.9645407795906067,0.4716704785823822,0.38430899381637573,-0.01667948067188263,0.9653677344322205
97,0.5032961368560791,0.10186666995286942,-0.7530542612075806,0.9999667406082153,0.5078400373458862,0.09345664829015732,-0.7423779368400574,0.9999234080314636,0.5122949481010437,0.09258360415697098,-0.7423973083496094,0.9999210834503174,0.515763521194458,0.09164566546678543,-0.7425144910812378,0.9999172687530518,0.495054692029953,0.0945911705493927,-0.7409500479698181,0.9999138116836548,0.49077317118644714,0.09460952877998352,-0.7410909533500671,0.9999010562896729,0.48660680651664734,0.09446082264184952,-0.7410999536514282,0.9998925924301147,0.5211842060089111,0.09004884213209152,-0.5829159021377563,0.9998688101768494,0.47936928272247314,0.09371589869260788,-0.5772318243980408,0.9998650550842285,0.512499988079071,0.10743103176355362,-0.6851419806480408,0.9999611973762512,0.4965078830718994,0.10936224460601807,-0.6836810111999512,0.999956488609314,0.5702236890792847,0.12707945704460144,-0.41497018933296204,0.999973475933075,0.44079339504241943,0.12792326509952545,-0.37715989351272583,0.9998862147331238,0.6050536036491394,0.17786507308483124,-0.3369065225124359,0.9827142953872681,0.40370404720306396,0.17744635045528412,-0.23187504708766937,0.9810031652450562,0.6325320601463318,0.22629216313362122,-0.44466090202331543,0.986973762512207,0.3691745400428772,0.21939319372177124,-0.2574402987957001,0.9642024040222168,0.6440747380256653,0.23935411870479584,-0.4740208685398102,0.9732866287231445,0.3559710681438446,0.2345302253961563,-0.27679547667503357,0.9378194212913513,0.6382641792297363,0.24011275172233582,-0.5300073027610779,0.974732518196106,0.35998111963272095,0.23490090668201447,-0.3333538770675659,0.9407088756561279,0.6331647038459778,0.2361435890197754,-0.46643969416618347,0.9669027924537659,0.3659285008907318,0.2304311841726303,-0.27984118461608887,0.9291822910308838,0.5385435819625854,0.22455944120883942,-0.004439154174178839,0.9994321465492249,0.46956318616867065,0.2257436215877533,0.004550290759652853,0.9994219541549683,0.5281909704208374,0.2975611686706543,0.02999917045235634,0.9803077578544617,0.47474658489227295,0.29661789536476135,-0.0467119924724102,0.9815815687179565,0.5160408020019531,0.3643026649951935,0.2763254940509796,0.9714229702949524,0.48347732424736023,0.36474913358688354,0.21542032063007355,0.97453373670578,0.5122784376144409,0.3715481758117676,0.28927403688430786,0.8567692637443542,0.48491692543029785,0.3731429874897003,0.23002390563488007,0.7920030355453491,0.5228429436683655,0.3835330009460449,0.10888081789016724,0.966103732585907,0.47093114256858826,0.38415804505348206,0.03965401649475098,0.9667729735374451
98,0.5032710433006287,0.10624135285615921,-0.7742250561714172,0.999968945980072,0.5078163743019104,0.09739397466182709,-0.7641203999519348,0.9999272227287292,0.5122789740562439,0.0965416207909584,-0.7640861868858337,0.9999260306358337,0.515760064125061,0.09558659046888351,-0.7641662359237671,0.9999213814735413,0.4950507879257202,0.09842086583375931,-0.7642548680305481,0.9999180436134338,0.4907708764076233,0.09833301603794098,-0.7644160985946655,0.9999071359634399,0.48658570647239685,0.09812526404857635,-0.7643927335739136,0.9998980760574341,0.5211141109466553,0.09304432570934296,-0.6004518866539001,0.999876856803894,0.4793717563152313,0.09623365849256516,-0.6041395664215088,0.9998742341995239,0.5123773217201233,0.11111152172088623,-0.7040939927101135,0.9999634027481079,0.4965088367462158,0.11284087598323822,-0.7053726315498352,0.9999585747718811,0.5700757503509521,0.1272801011800766,-0.4145907163619995,0.9999757409095764,0.44069233536720276,0.127736896276474,-0.38617897033691406,0.9998957514762878,0.6058729887008667,0.17746631801128387,-0.3052648603916168,0.9842919111251831,0.40017902851104736,0.17379577457904816,-0.17699863016605377,0.9817846417427063,0.635120689868927,0.2229263186454773,-0.3143676817417145,0.987921416759491,0.362583726644516,0.21338562667369843,-0.11923706531524658,0.9660744667053223,0.6465250253677368,0.23656593263149261,-0.3249567747116089,0.9746593832969666,0.34785833954811096,0.22960831224918365,-0.11731526255607605,0.9397426247596741,0.6418684124946594,0.2399502843618393,-0.3801441788673401,0.9760995507240295,0.3523511290550232,0.2322843223810196,-0.16945241391658783,0.9426775574684143,0.6371803283691406,0.23321160674095154,-0.3342389166355133,0.9687468409538269,0.35907721519470215,0.22859032452106476,-0.13630428910255432,0.9318736791610718,0.5383881330490112,0.22457586228847504,-0.007920648902654648,0.9994171261787415,0.46936190128326416,0.22569718956947327,0.007994890213012695,0.9993934631347656,0.527592658996582,0.29728788137435913,0.027984071522951126,0.9811108112335205,0.47461119294166565,0.29648593068122864,-0.014350952580571175,0.98198401927948,0.5160406231880188,0.3641582429409027,0.2644942104816437,0.9731236696243286,0.48341336846351624,0.36440595984458923,0.24826660752296448,0.9757335782051086,0.5123764276504517,0.371372252702713,0.2769079804420471,0.8618388175964355,0.4849223494529724,0.3727252185344696,0.2634376585483551,0.8019587993621826,0.5212743878364563,0.38352301716804504,0.10633959621191025,0.9678822159767151,0.4701847434043884,0.383946031332016,0.0890955701470375,0.9685185551643372
99,0.5033769607543945,0.10950049012899399,-0.7606328725814819,0.9999712109565735,0.5080329775810242,0.1006355732679367,-0.7482472062110901,0.9999318718910217,0.5125170350074768,0.09976731985807419,-0.7482121586799622,0.9999315142631531,0.5159575343132019,0.09889543801546097,-0.7482728958129883,0.999925971031189,0.49510928988456726,0.10155759006738663,-0.7485852241516113,0.9999229907989502,0.4907732307910919,0.10136865824460983,-0.7487425804138184,0.9999138712882996,0.4865720272064209,0.1010536327958107,-0.7486828565597534,0.9999045729637146,0.5214035511016846,0.09627603739500046,-0.5774610638618469,0.9998859167098999,0.4793717563152313,0.09875249862670898,-0.5821957588195801,0.9998844861984253,0.5124065279960632,0.11448386311531067,-0.6883972883224487,0.9999656081199646,0.4965209364891052,0.11609499901533127,-0.6898425221443176,0.9999604821205139,0.5699359178543091,0.1293632835149765,-0.38636091351509094,0.9999778270721436,0.44077566266059875,0.12841054797172546,-0.3562471866607666,0.9999034404754639,0.6086766719818115,0.1746019572019577,-0.22802448272705078,0.9857580065727234,0.3958740532398224,0.16893458366394043,-0.10734976828098297,0.9826845526695251,0.6376591324806213,0.2138233780860901,-0.2329430729150772,0.9889017939567566,0.3584914207458496,0.20342302322387695,-0.007912582717835903,0.968426525592804,0.6476917862892151,0.22736534476280212,-0.23585553467273712,0.9761961698532104,0.34570571780204773,0.2187962681055069,0.004989363253116608,0.9427996873855591,0.643734872341156,0.23017336428165436,-0.2913762629032135,0.977594256401062,0.35176149010658264,0.22116662561893463,-0.042735036462545395,0.945628821849823,0.6399987936019897,0.22588619589805603,-0.2522483468055725,0.9707326292991638,0.35731256008148193,0.21734705567359924,-0.021215682849287987,0.9356029033660889,0.5381448268890381,0.22619575262069702,-0.013649164699018002,0.9993973970413208,0.468982458114624,0.22707977890968323,0.013724097982048988,0.9993637204170227,0.5275753736495972,0.2971661686897278,-0.01694469153881073,0.9820401072502136,0.4741751253604889,0.29651299118995667,-0.01637287810444832,0.9822724461555481,0.5160582661628723,0.3647879660129547,0.20979614555835724,0.9748077988624573,0.48512911796569824,0.3644123077392578,0.23525801301002502,0.9769572019577026,0.5128954648971558,0.3721923828125,0.2207736223936081,0.867301881313324,0.48800066113471985,0.37275367975234985,0.2493569254875183,0.8142305016517639,0.5207909941673279,0.3835386633872986,0.05429285764694214,0.9696153998374939,0.47039794921875,0.3839570879936218,0.08060629665851593,0.9702672958374023
100,0.5033700466156006,0.11396767199039459,-0.6969532370567322,0.9999738335609436,0.5078867673873901,0.10542406886816025,-0.6855365037918091,0.9999375343322754,0.5123414397239685,0.10445240885019302,-0.6854788064956665,0.9999375939369202,0.5158814191818237,0.103336863219738,-0.6855406761169434,0.9999319314956665,0.49507349729537964,0.10665006935596466,-0.6848281025886536,0.9999294281005859,0.49073079228401184,0.1065780445933342,-0.6849445104598999,0.999921441078186,0.48648494482040405,0.10628807544708252,-0.6848704218864441,0.9999122619628906,0.5212388038635254,0.09930463135242462,-0.5236843228340149,0.9998959898948669,0.4793590307235718,0.10296384990215302,-0.5227924585342407,0.999894380569458,0.5123676061630249,0.11832477897405624,-0.6279498338699341,0.9999678730964661,0.49651941657066345,0.11951962858438492,-0.6280021071434021,0.9999616742134094,0.5697604417800903,0.132327139377594,-0.3366444408893585,0.9999794960021973,0.44124990701675415,0.13042673468589783,-0.29754799604415894,0.9999098777770996,0.6102501153945923,0.1712687909603119,-0.07217742502689362,0.987092912197113,0.39563778042793274,0.16321676969528198,-0.03372235223650932,0.9832388162612915,0.6392233967781067,0.20583055913448334,0.012620683759450912,0.9898249506950378,0.35723093152046204,0.19356535375118256,0.06555549800395966,0.9701964259147644,0.6480304598808289,0.21877217292785645,0.03152880817651749,0.9777481555938721,0.3432173430919647,0.20753365755081177,0.08462915569543839,0.9446862936019897,0.6443734765052795,0.22019921243190765,-0.021002721041440964,0.9791390895843506,0.34817075729370117,0.20873984694480896,0.035860080271959305,0.9475995898246765,0.6406669020652771,0.21594040095806122,-0.0018556122668087482,0.9728252291679382,0.3537110686302185,0.20551635324954987,0.05194833129644394,0.938286304473877,0.5378377437591553,0.22720108926296234,-0.017310231924057007,0.999347448348999,0.46885424852371216,0.2282300889492035,0.01728733256459236,0.9993098974227905,0.5275974273681641,0.2976199686527252,-0.01558679435402155,0.9828726053237915,0.4740978181362152,0.29670313000679016,-0.027059050276875496,0.9826765656471252,0.5157111883163452,0.3653664290904999,0.15574991703033447,0.9766772985458374,0.48658695816993713,0.3652372360229492,0.15957745909690857,0.9782095551490784,0.512732982635498,0.37330374121665955,0.1608700156211853,0.8751164078712463,0.4897891581058502,0.37412527203559875,0.16712167859077454,0.8260511159896851,0.5208526253700256,0.3837190866470337,0.010966797359287739,0.9716632962226868,0.4704715311527252,0.3843528926372528,0.020278315991163254,0.9720600843429565
101,0.5033535957336426,0.1187821477651596,-0.7446618676185608,0.999976396560669,0.507834255695343,0.11042245477437973,-0.7331520915031433,0.9999434947967529,0.5122987031936646,0.10953210294246674,-0.7329989075660706,0.9999436140060425,0.5158627033233643,0.10855157673358917,-0.7330434918403625,0.9999383091926575,0.494907021522522,0.11154092848300934,-0.7304612994194031,0.9999361634254456,0.49047353863716125,0.1112968698143959,-0.7305823564529419,0.9999290704727173,0.486063688993454,0.11086113005876541,-0.7303984761238098,0.9999205470085144,0.5212379693984985,0.10436662286520004,-0.5627338290214539,0.9999059438705444,0.47926896810531616,0.10819242894649506,-0.552038311958313,0.9999045133590698,0.5123496651649475,0.12339531630277634,-0.67097008228302,0.999970555305481,0.4965028464794159,0.12416211515665054,-0.6678920388221741,0.9999640583992004,0.569320023059845,0.13645587861537933,-0.33930888772010803,0.999981164932251,0.4413444399833679,0.13364508748054504,-0.29927825927734375,0.9999157786369324,0.6131289005279541,0.17026649415493011,-0.03920643404126167,0.9883192181587219,0.3930235505104065,0.15984967350959778,0.0017280898755416274,0.983964741230011,0.639392077922821,0.20155902206897736,0.11634980142116547,0.9907147884368896,0.3549531102180481,0.18546943366527557,0.16230133175849915,0.9724069833755493,0.6470439434051514,0.21335287392139435,0.14977487921714783,0.9792911410331726,0.3404403030872345,0.19805081188678741,0.19578930735588074,0.947828471660614,0.6425251960754395,0.21436434984207153,0.0963924452662468,0.9806585311889648,0.34777408838272095,0.19923312962055206,0.14644184708595276,0.9506767988204956,0.6390228867530823,0.2109237015247345,0.10440191626548767,0.9748731255531311,0.3541549742221832,0.19631846249103546,0.15129277110099792,0.9422106742858887,0.5371841788291931,0.22885160148143768,-0.01793632283806801,0.9993128180503845,0.4674290716648102,0.23008251190185547,0.017864465713500977,0.999261736869812,0.527427077293396,0.2982754111289978,-0.022137586027383804,0.9837471842765808,0.47370967268943787,0.2973881661891937,-0.02696223370730877,0.9825092554092407,0.5165682435035706,0.3662935793399811,0.16348813474178314,0.9783446192741394,0.4865419864654541,0.36579278111457825,0.16423220932483673,0.9790763258934021,0.514169454574585,0.37432512640953064,0.17060674726963043,0.8808974623680115,0.4897182285785675,0.37460988759994507,0.1725386381149292,0.8355526328086853,0.5209137797355652,0.384245902299881,0.025324147194623947,0.9734548926353455,0.4705309569835663,0.38434016704559326,0.059000782668590546,0.9734990000724792
102,0.5036420226097107,0.12335845828056335,-0.8406591415405273,0.9999787211418152,0.5080652236938477,0.11515859514474869,-0.8276956081390381,0.9999488592147827,0.5124723315238953,0.11428869515657425,-0.8275079131126404,0.999949038028717,0.5159470438957214,0.11331836879253387,-0.827533483505249,0.9999440312385559,0.49500665068626404,0.11614566296339035,-0.8267123103141785,0.9999423027038574,0.4904771149158478,0.115822933614254,-0.8268662691116333,0.9999359250068665,0.4860484302043915,0.11529960483312607,-0.8266821503639221,0.9999280571937561,0.5212438106536865,0.109557144343853,-0.6487035751342773,0.9999149441719055,0.47920921444892883,0.1131201982498169,-0.646037220954895,0.9999136924743652,0.5124631524085999,0.12779495120048523,-0.7639284729957581,0.999972939491272,0.49668088555336,0.12860794365406036,-0.7632230520248413,0.9999663829803467,0.5689456462860107,0.14045961201190948,-0.4106731414794922,0.9999827146530151,0.44106411933898926,0.13800112903118134,-0.3887738883495331,0.9999213218688965,0.6140170097351074,0.17015030980110168,-0.10452287644147873,0.989429235458374,0.3872429430484772,0.1587630659341812,-0.0775546208024025,0.9848611950874329,0.6376593112945557,0.1995713710784912,0.06497412919998169,0.9915693998336792,0.3511827886104584,0.1816917061805725,0.10789846628904343,0.9745787978172302,0.6457971334457397,0.21042805910110474,0.10111579298973083,0.9809710383415222,0.33834925293922424,0.1922094225883484,0.14500071108341217,0.9510664343833923,0.640540599822998,0.21081922948360443,0.0496116504073143,0.9822664856910706,0.34654295444488525,0.19336441159248352,0.09644995629787445,0.953819751739502,0.6364812850952148,0.20805789530277252,0.05431743711233139,0.9769895076751709,0.35242918133735657,0.1908227801322937,0.0980033203959465,0.9461678266525269,0.5367498397827148,0.23034006357192993,-0.017872028052806854,0.9993075728416443,0.46657171845436096,0.23212531208992004,0.017813682556152344,0.9992408752441406,0.5273869037628174,0.29850971698760986,-0.01654386892914772,0.9846524596214294,0.4732082188129425,0.29778963327407837,-0.02781006693840027,0.9826102256774902,0.5165591835975647,0.3663162589073181,0.2150694876909256,0.9800119400024414,0.48644036054611206,0.3658428490161896,0.18785631656646729,0.9802768230438232,0.5142427086830139,0.3742360770702362,0.22629712522029877,0.8867490887641907,0.48959773778915405,0.3745657503604889,0.19987645745277405,0.8454931974411011,0.5203619599342346,0.3848428428173065,0.08441536873579025,0.9754601120948792,0.4705561399459839,0.38445478677749634,0.0687292069196701,0.9753281474113464
103,0.5029985904693604,0.13059121370315552,-0.8526126742362976,0.9999806880950928,0.50802081823349,0.12222060561180115,-0.8396673798561096,0.9999534487724304,0.5124680399894714,0.12100214511156082,-0.839477002620697,0.9999537467956543,0.5159458518028259,0.11983072012662888,-0.8395165801048279,0.9999487996101379,0.4945368468761444,0.12337592989206314,-0.8388558030128479,0.9999475479125977,0.48982471227645874,0.12292070686817169,-0.8390045762062073,0.999941885471344,0.4851733148097992,0.12235739827156067,-0.8387953639030457,0.9999343752861023,0.5211900472640991,0.11647062003612518,-0.6621424555778503,0.9999228119850159,0.47867414355278015,0.12003365904092789,-0.6600210070610046,0.9999215602874756,0.5119096040725708,0.13447517156600952,-0.7764133214950562,0.9999745488166809,0.4956415295600891,0.13566884398460388,-0.7758802175521851,0.9999670386314392,0.5683748722076416,0.14584936201572418,-0.42797452211380005,0.999984085559845,0.43851932883262634,0.14333078265190125,-0.40250852704048157,0.9999261498451233,0.614968478679657,0.17025497555732727,-0.10965757071971893,0.9903795123100281,0.3854218125343323,0.15843291580677032,-0.08324499428272247,0.9854533672332764,0.6342870593070984,0.19890642166137695,0.10008802264928818,0.9922474026679993,0.35176700353622437,0.17871569097042084,0.13237424194812775,0.9759961366653442,0.6422175765037537,0.21052265167236328,0.14241264760494232,0.9821028113365173,0.339874804019928,0.18886713683605194,0.17261649668216705,0.9522336721420288,0.6366777420043945,0.2107863575220108,0.09486968070268631,0.9833678603172302,0.3491623103618622,0.18934272229671478,0.12646472454071045,0.9550809860229492,0.6324993371963501,0.2077883780002594,0.09224972873926163,0.9784526228904724,0.3551134169101715,0.18675310909748077,0.12346937507390976,0.9481249451637268,0.5363935232162476,0.23510251939296722,-0.017438851296901703,0.9993104934692383,0.4661257266998291,0.23614215850830078,0.017458956688642502,0.9992045164108276,0.5278311967849731,0.29956772923469543,-0.10765979439020157,0.9854302406311035,0.4732052981853485,0.29922574758529663,-0.0847604051232338,0.9816078543663025,0.5158502459526062,0.36702340841293335,0.11658924072980881,0.9813022017478943,0.48636218905448914,0.3671817183494568,0.13654392957687378,0.9809701442718506,0.5140817165374756,0.3758772313594818,0.12804482877254486,0.891753077507019,0.4896062910556793,0.3771439790725708,0.14676859974861145,0.853514552116394,0.5192263722419739,0.3847038447856903,-0.02591685764491558,0.9771705269813538,0.46948152780532837,0.3844476342201233,-0.011369341053068638,0.9767277836799622
104,0.5021852850914001,0.13936834037303925,-0.824582040309906,0.9999779462814331,0.5076894164085388,0.13067404925823212,-0.8114107251167297,0.9999484419822693,0.5122904181480408,0.12951599061489105,-0.8114462494850159,0.9999533891677856,0.5158427953720093,0.12845177948474884,-0.811602771282196,0.9999440312385559,0.49395179748535156,0.13185127079486847,-0.8117485642433167,0.9999290704727173,0.48930826783180237,0.13151970505714417,-0.811833918094635,0.9999294877052307,0.4846944808959961,0.13113605976104736,-0.8116676807403564,0.9999040961265564,0.5211758017539978,0.1255478709936142,-0.6228176951408386,0.9999266266822815,0.4785647988319397,0.129176065325737,-0.626475989818573,0.9999114274978638,0.5117197036743164,0.14366032183170319,-0.7456328272819519,0.9999747276306152,0.4953911006450653,0.14504551887512207,-0.7468235492706299,0.9999628067016602,0.5688648223876953,0.15363530814647675,-0.45300912857055664,0.9999854564666748,0.43870630860328674,0.14950346946716309,-0.3964935541152954,0.9999182820320129,0.6135862469673157,0.1741204559803009,-0.5827844142913818,0.9911850094795227,0.3862619698047638,0.15963035821914673,-0.3739032745361328,0.98646479845047,0.6328633427619934,0.19901618361473083,-0.8675646781921387,0.9928178191184998,0.3563051223754883,0.17871549725532532,-0.5501114726066589,0.9775622487068176,0.6401287317276001,0.21064002811908722,-0.9306495785713196,0.9832155704498291,0.3449191451072693,0.18917837738990784,-0.5817901492118835,0.9551686644554138,0.6352963447570801,0.20966091752052307,-0.9589480757713318,0.9843606948852539,0.3542511761188507,0.18952199816703796,-0.6011300683021545,0.9577042460441589,0.6312766075134277,0.20582252740859985,-0.8838582038879395,0.9793258905410767,0.3599275052547455,0.18695616722106934,-0.5602030158042908,0.9503511786460876,0.536300003528595,0.24025791883468628,-0.016867252066731453,0.9993448257446289,0.46567609906196594,0.24100527167320251,0.016882222145795822,0.9991954565048218,0.5278449058532715,0.30176636576652527,-0.2541663646697998,0.9860216379165649,0.47319889068603516,0.3012731969356537,-0.11292142421007156,0.981540322303772,0.5158523321151733,0.3669317662715912,0.04696805775165558,0.9816633462905884,0.4857584536075592,0.3670811653137207,0.1612592190504074,0.9815189838409424,0.5140324831008911,0.3755689859390259,0.06485903263092041,0.8900879621505737,0.4895630478858948,0.3768426179885864,0.1713304966688156,0.8598055839538574,0.5189263224601746,0.3846958875656128,-0.12611591815948486,0.9778490662574768,0.46965938806533813,0.3844427764415741,-0.0033861929550766945,0.9777894020080566
105,0.5004193782806396,0.1471070945262909,-0.8453467488288879,0.9999781250953674,0.5061129331588745,0.1384725123643875,-0.8320187926292419,0.9999491572380066,0.5110900402069092,0.13725347816944122,-0.8320435881614685,0.999955415725708,0.5151777267456055,0.13608403503894806,-0.8322238326072693,0.9999454021453857,0.4915775954723358,0.13942866027355194,-0.8300095796585083,0.9999260306358337,0.4870724081993103,0.13899660110473633,-0.8300655484199524,0.9999266862869263,0.4827945828437805,0.13862021267414093,-0.8299450874328613,0.9998920559883118,0.5206018686294556,0.133164644241333,-0.6359601616859436,0.999932050704956,0.47750553488731384,0.13662883639335632,-0.6287645101547241,0.9999076724052429,0.5109792351722717,0.1508394181728363,-0.7632739543914795,0.9999762773513794,0.4943358898162842,0.15216973423957825,-0.7614601254463196,0.9999638795852661,0.5693262815475464,0.16183613240718842,-0.4679500460624695,0.999986469745636,0.4388333261013031,0.15622316300868988,-0.4016728699207306,0.9999151825904846,0.6115878820419312,0.18653768301010132,-0.6751232147216797,0.9915637969970703,0.3874366879463196,0.16485725343227386,-0.5092111825942993,0.987041711807251,0.6218568682670593,0.19880042970180511,-1.0450060367584229,0.9927857518196106,0.35893821716308594,0.18270649015903473,-0.8418756723403931,0.9761632680892944,0.6288591623306274,0.20600195229053497,-1.1243085861206055,0.9831792712211609,0.3477380573749542,0.19216077029705048,-0.8979067802429199,0.9532033801078796,0.6189708113670349,0.199605792760849,-1.1378965377807617,0.9842549562454224,0.3565106689929962,0.19196198880672455,-0.9145881533622742,0.9554058313369751,0.6156289577484131,0.19777639210224152,-1.0577155351638794,0.9780359268188477,0.36179623007774353,0.18968166410923004,-0.8566486835479736,0.9449728727340698,0.5363866686820984,0.24443012475967407,-0.011821428313851357,0.9993734955787659,0.46571558713912964,0.24442122876644135,0.011799558997154236,0.9991649389266968,0.5293440818786621,0.3022032380104065,-0.24684569239616394,0.9863870739936829,0.4740559756755829,0.30186957120895386,-0.1155385673046112,0.9816447496414185,0.5172817707061768,0.36538663506507874,0.10349477082490921,0.9815993309020996,0.48522502183914185,0.3669580817222595,0.2091600000858307,0.9814810156822205,0.5149121284484863,0.37289804220199585,0.1249290481209755,0.8910477757453918,0.4889380633831024,0.3760221600532532,0.22885191440582275,0.8607524037361145,0.5186681151390076,0.3847842216491699,-0.0751781091094017,0.9781769514083862,0.47463858127593994,0.38462066650390625,0.007021299097687006,0.9781540036201477
106,0.5004623532295227,0.1563786417245865,-0.8054288029670715,0.999979555606842,0.5061794519424438,0.14812250435352325,-0.7934301495552063,0.9999526739120483,0.5111299157142639,0.1470223367214203,-0.7935704588890076,0.9999580383300781,0.5151899456977844,0.14597250521183014,-0.7936913967132568,0.9999483227729797,0.4916580617427826,0.14927823841571808,-0.7903618812561035,0.999931812286377,0.4871184229850769,0.14905552566051483,-0.7904438376426697,0.9999322295188904,0.48284173011779785,0.14872556924819946,-0.7903773188591003,0.9999004006385803,0.5206104516983032,0.1432388871908188,-0.6073930859565735,0.9999356269836426,0.47723281383514404,0.14668402075767517,-0.6046436429023743,0.9999127984046936,0.5109908580780029,0.16031567752361298,-0.7275065779685974,0.9999740123748779,0.4943545162677765,0.16162090003490448,-0.7257617115974426,0.9999585151672363,0.5689123868942261,0.17039155960083008,-0.3558281660079956,0.9999840259552002,0.4391489028930664,0.16726277768611908,-0.3959239721298218,0.9999039173126221,0.5999529361724854,0.18910929560661316,-0.005967378616333008,0.9890294075012207,0.3900759816169739,0.17740541696548462,-0.07189369201660156,0.9834381341934204,0.6107504367828369,0.20420213043689728,0.246287003159523,0.9870686531066895,0.3707064688205719,0.1842392086982727,0.17323851585388184,0.9585411548614502,0.6171330213546753,0.20610761642456055,0.2953232228755951,0.9703404307365417,0.3590136766433716,0.19466917216777802,0.21358945965766907,0.920447051525116,0.6101154088973999,0.20299509167671204,0.2563745081424713,0.9725772738456726,0.3669530153274536,0.19437812268733978,0.1751914620399475,0.9246636033058167,0.606238067150116,0.19980654120445251,0.24128186702728271,0.9658591151237488,0.3738468289375305,0.19210025668144226,0.16705386340618134,0.915996253490448,0.5367736220359802,0.24702046811580658,-0.007127853110432625,0.999358057975769,0.4657570421695709,0.2471245378255844,0.007268714252859354,0.999076783657074,0.5295201539993286,0.302040159702301,-0.21697290241718292,0.9870679378509521,0.4744512438774109,0.3015628159046173,-0.2365218997001648,0.9815182089805603,0.517261803150177,0.3653349280357361,0.042523570358753204,0.982353687286377,0.48505809903144836,0.3668968081474304,-0.031138889491558075,0.9816438555717468,0.5148757100105286,0.3725573718547821,0.05885151028633118,0.8927353024482727,0.488357275724411,0.3759557008743286,-0.02092648297548294,0.8623640537261963,0.5184677839279175,0.3847719430923462,-0.10724156349897385,0.9793714880943298,0.4756365716457367,0.3843337595462799,-0.20623062551021576,0.9792906641960144
107,0.5005038976669312,0.16295605897903442,-0.7595095038414001,0.9999786019325256,0.506292462348938,0.15436866879463196,-0.7388466000556946,0.9999538064002991,0.5111693143844604,0.15337088704109192,-0.738793671131134,0.9999580979347229,0.5151925086975098,0.1525030881166458,-0.7389963865280151,0.9999491572380066,0.4917115867137909,0.15580055117607117,-0.7446889281272888,0.9999345541000366,0.48714056611061096,0.15569117665290833,-0.7448594570159912,0.99993497133255,0.48275548219680786,0.15549974143505096,-0.7448040246963501,0.9999062418937683,0.5207434296607971,0.1507556140422821,-0.5511111617088318,0.9999377727508545,0.47657454013824463,0.1544819176197052,-0.5766825079917908,0.9999163746833801,0.5109241604804993,0.16754929721355438,-0.6820589900016785,0.9999716281890869,0.49417996406555176,0.16924329102039337,-0.6901572346687317,0.9999517798423767,0.5675369501113892,0.1788608431816101,-0.3091539144515991,0.9999777674674988,0.4390833377838135,0.17838925123214722,-0.35903626680374146,0.9998505711555481,0.595035195350647,0.19733160734176636,-0.017390737310051918,0.986548662185669,0.3992016613483429,0.19808444380760193,-0.09936610609292984,0.9738229513168335,0.6012092232704163,0.21683262288570404,0.1659582108259201,0.9776979684829712,0.3884052336215973,0.21670103073120117,0.08423425257205963,0.9274861216545105,0.6024121642112732,0.2239062488079071,0.20189990103244781,0.9552602171897888,0.39442741870880127,0.22466011345386505,0.11219631135463715,0.8812068700790405,0.5947761535644531,0.22373539209365845,0.16463445127010345,0.9590958952903748,0.3865204155445099,0.22291187942028046,0.07700797915458679,0.8864250183105469,0.5911767482757568,0.22057750821113586,0.1601058691740036,0.9504918456077576,0.3903481960296631,0.21851769089698792,0.07874936610460281,0.8777256011962891,0.5367672443389893,0.24976348876953125,-0.003747024806216359,0.9993404746055603,0.46577420830726624,0.2500039339065552,0.004034079145640135,0.9989336729049683,0.5299555063247681,0.30185598134994507,-0.4264907240867615,0.9874340891838074,0.4739961326122284,0.3014777600765228,-0.39550137519836426,0.979552149772644,0.517488956451416,0.36487865447998047,-0.20514805614948273,0.9818704128265381,0.48497387766838074,0.3669600784778595,-0.2115299254655838,0.9801285266876221,0.5154734253883362,0.3725050687789917,-0.1930382400751114,0.8937622308731079,0.48833075165748596,0.3766564726829529,-0.20387542247772217,0.8632634282112122,0.5179609656333923,0.38245880603790283,-0.38654839992523193,0.9795582890510559,0.475982666015625,0.38316842913627625,-0.4097168445587158,0.9790087938308716
108,0.500176727771759,0.16937270760536194,-0.7042999863624573,0.9999787211418152,0.5062720775604248,0.16108064353466034,-0.6868230104446411,0.9999552965164185,0.5111053586006165,0.1604107916355133,-0.6867130994796753,0.9999587535858154,0.5150229930877686,0.1597694456577301,-0.6869125962257385,0.9999504685401917,0.4913758337497711,0.16204771399497986,-0.6890997290611267,0.9999377131462097,0.48640352487564087,0.1618802547454834,-0.689214825630188,0.9999381303787231,0.48192843794822693,0.16168628633022308,-0.6891309022903442,0.9999118447303772,0.5209594964981079,0.1589025855064392,-0.5269572734832764,0.9999397993087769,0.47575461864471436,0.16162677109241486,-0.5362727046012878,0.9999198913574219,0.5099300146102905,0.1750042736530304,-0.6391101479530334,0.9999702572822571,0.4927310645580292,0.1762820929288864,-0.6421855092048645,0.9999489784240723,0.5674269199371338,0.1903698891401291,-0.315303236246109,0.9999650716781616,0.43930912017822266,0.18559503555297852,-0.3329600989818573,0.999833345413208,0.5911039113998413,0.21731148660182953,-0.025912394747138023,0.9788429141044617,0.4104386270046234,0.2116059809923172,-0.11430402845144272,0.962535560131073,0.5952281951904297,0.2335711568593979,0.20590466260910034,0.948431134223938,0.4021427035331726,0.22801806032657623,0.046596426516771317,0.8850477933883667,0.5980649590492249,0.23792764544487,0.25228068232536316,0.9184332489967346,0.401434063911438,0.23826296627521515,0.07330764830112457,0.8307755589485168,0.5951676964759827,0.23788242042064667,0.22222061455249786,0.9248683452606201,0.3972349762916565,0.23776064813137054,0.04158569872379303,0.8374115824699402,0.590518593788147,0.23597942292690277,0.20449672639369965,0.9160128235816956,0.40131139755249023,0.23429374396800995,0.04101090505719185,0.8302066326141357,0.5367602109909058,0.25250959396362305,-0.00322816357947886,0.9993448853492737,0.4657861292362213,0.25213348865509033,0.0034348161425441504,0.9988956451416016,0.5306128263473511,0.30377423763275146,-0.3457386791706085,0.987502932548523,0.4729350209236145,0.30290400981903076,-0.3299192786216736,0.9794538617134094,0.5179177522659302,0.36475399136543274,-0.10738583654165268,0.9817909002304077,0.4844963848590851,0.36629608273506165,-0.10871578007936478,0.9792628288269043,0.5154129862785339,0.3722357153892517,-0.09337353706359863,0.8907260894775391,0.48806366324424744,0.37387815117836,-0.0968230813741684,0.8596855401992798,0.5180628299713135,0.38248106837272644,-0.27097827196121216,0.9795175790786743,0.47607189416885376,0.38315173983573914,-0.2805108428001404,0.9786964058876038
109,0.4994698464870453,0.17167231440544128,-0.6514231562614441,0.9999802112579346,0.5059996247291565,0.1640232354402542,-0.6347631812095642,0.9999575018882751,0.5109447240829468,0.16355650126934052,-0.6347477436065674,0.999960720539093,0.5148714780807495,0.1630389243364334,-0.6348767280578613,0.9999531507492065,0.49042266607284546,0.16443327069282532,-0.6325453519821167,0.9999403953552246,0.4854215979576111,0.16429391503334045,-0.6327047348022461,0.9999409914016724,0.481123685836792,0.16423967480659485,-0.6327067613601685,0.9999173283576965,0.5212942361831665,0.1624780148267746,-0.4868844449520111,0.9999430179595947,0.4754466414451599,0.1647791713476181,-0.4777519404888153,0.9999232888221741,0.5093858242034912,0.17788058519363403,-0.591857373714447,0.9999728798866272,0.49139443039894104,0.17895160615444183,-0.5894410610198975,0.99995356798172,0.5676507949829102,0.1957230120897293,-0.3339589536190033,0.9999681711196899,0.4393235146999359,0.18932436406612396,-0.2904459238052368,0.9998480081558228,0.5931934714317322,0.2318594753742218,-0.24483568966388702,0.9807634949684143,0.4129182696342468,0.22687670588493347,-0.13780607283115387,0.9652257561683655,0.5936456918716431,0.2744579315185547,-0.30067288875579834,0.9515755772590637,0.4033827483654022,0.26287606358528137,-0.14939405024051666,0.892780065536499,0.5969917178153992,0.2894279658794403,-0.3220994770526886,0.9214299321174622,0.3966755270957947,0.27565425634384155,-0.1637732833623886,0.839996337890625,0.5895180702209473,0.28891170024871826,-0.3579559922218323,0.9272847175598145,0.3998469114303589,0.2761386036872864,-0.20456644892692566,0.8462467789649963,0.5865883231163025,0.28376710414886475,-0.3131983280181885,0.9173843860626221,0.4043225646018982,0.2724663019180298,-0.16460227966308594,0.8382393717765808,0.536244809627533,0.2575462758541107,-0.003327571554109454,0.9993986487388611,0.4654264450073242,0.25586777925491333,0.003507705871015787,0.9989867806434631,0.5314353704452515,0.3060576021671295,-0.36892202496528625,0.9871050119400024,0.47145357728004456,0.30479297041893005,-0.36748501658439636,0.9800341129302979,0.517901599407196,0.36470407247543335,-0.09339608252048492,0.9814928770065308,0.4829222559928894,0.36538460850715637,-0.11398238688707352,0.9795260429382324,0.5151678919792175,0.37186601758003235,-0.0763353556394577,0.8876367807388306,0.48703426122665405,0.37153056263923645,-0.09916476905345917,0.8638302087783813,0.5173097252845764,0.38296687602996826,-0.25755226612091064,0.9784315228462219,0.47461405396461487,0.3831520676612854,-0.2875853478908539,0.9787310361862183
110,0.49943897128105164,0.17079676687717438,-0.7466099858283997,0.9999808669090271,0.5060063600540161,0.16312715411186218,-0.7229280471801758,0.9999577403068542,0.5109236836433411,0.16280783712863922,-0.7230535745620728,0.9999601244926453,0.5148440599441528,0.162425234913826,-0.7232687473297119,0.9999532699584961,0.49040624499320984,0.1634708195924759,-0.7190797328948975,0.9999399781227112,0.48533234000205994,0.16342736780643463,-0.7192200422286987,0.999940037727356,0.4811161756515503,0.16342386603355408,-0.7193641066551208,0.999918520450592,0.5214264392852783,0.16212783753871918,-0.5694283246994019,0.9999421834945679,0.4754580557346344,0.16439738869667053,-0.5556908845901489,0.9999179840087891,0.5092595219612122,0.17669738829135895,-0.687143862247467,0.9999749660491943,0.4912389814853668,0.17717517912387848,-0.6835218667984009,0.9999575614929199,0.5684921741485596,0.19662298262119293,-0.4375412166118622,0.9999703764915466,0.43924152851104736,0.19327987730503082,-0.4047069549560547,0.9998579621315002,0.5937627553939819,0.25161707401275635,-0.44707757234573364,0.9824716448783875,0.41146114468574524,0.2462950348854065,-0.38641899824142456,0.9679372906684875,0.5888089537620544,0.3053210377693176,-0.545607328414917,0.9550833106040955,0.40884289145469666,0.2948484718799591,-0.5019569396972656,0.9001184105873108,0.591937243938446,0.32023122906684875,-0.5932648777961731,0.9259029626846313,0.4064084589481354,0.3103460967540741,-0.5426766276359558,0.8486076593399048,0.5830731987953186,0.32014667987823486,-0.6220769286155701,0.9314612150192261,0.4123573899269104,0.31059834361076355,-0.5806112289428711,0.8548374772071838,0.579785943031311,0.3155919313430786,-0.5585950016975403,0.9215503334999084,0.41573405265808105,0.3052467107772827,-0.5186183452606201,0.846182107925415,0.5362417697906494,0.2603350281715393,-0.001571476343087852,0.99945467710495,0.4658892750740051,0.25884589552879333,0.0018420321866869926,0.9990778565406799,0.5313712358474731,0.30634206533432007,-0.46698859333992004,0.9859272241592407,0.47198134660720825,0.3043615221977234,-0.42094939947128296,0.9783520698547363,0.5171398520469666,0.3646894693374634,-0.12863849103450775,0.9802883267402649,0.48272207379341125,0.3647156357765198,-0.10873682796955109,0.9796468615531921,0.5131064653396606,0.37187066674232483,-0.1061062216758728,0.886999249458313,0.4870036840438843,0.3709602653980255,-0.08828124403953552,0.8679981231689453,0.5170776844024658,0.3834497332572937,-0.30011674761772156,0.9771309494972229,0.4738251268863678,0.383157879114151,-0.28966024518013,0.97845458984375
111,0.499430388212204,0.16719932854175568,-0.7070239186286926,0.9999722838401794,0.5059681534767151,0.15933893620967865,-0.6887832283973694,0.9999263882637024,0.5108539462089539,0.15873320400714874,-0.6888483762741089,0.9999260902404785,0.5147667527198792,0.1581433117389679,-0.6890065670013428,0.9999229311943054,0.490276038646698,0.16015742719173431,-0.6880742311477661,0.9998922348022461,0.48519405722618103,0.1601426601409912,-0.6882046461105347,0.9998898506164551,0.48102179169654846,0.1600637435913086,-0.6882882118225098,0.9998725652694702,0.5214170217514038,0.1573723405599594,-0.55143803358078,0.9998862147331238,0.47534090280532837,0.1601821929216385,-0.5453575253486633,0.9998010993003845,0.5092489123344421,0.17286890745162964,-0.6524665951728821,0.9999676942825317,0.49121466279029846,0.17436398565769196,-0.6511972546577454,0.9999486804008484,0.5691414475440979,0.19179686903953552,-0.4113796055316925,0.999967634677887,0.4395517110824585,0.19142533838748932,-0.4066076874732971,0.9998486638069153,0.5903177261352539,0.2504548132419586,-0.37867963314056396,0.9828841090202332,0.431458979845047,0.25212448835372925,-0.3733466863632202,0.9676711559295654,0.5793136954307556,0.30625298619270325,-0.42508700489997864,0.9520568251609802,0.4332854747772217,0.29932162165641785,-0.4492131471633911,0.89971923828125,0.5805757641792297,0.3220060169696808,-0.4561240077018738,0.9184496998786926,0.4272627830505371,0.314397931098938,-0.4835168421268463,0.8458243608474731,0.5718833208084106,0.3206521272659302,-0.4857289493083954,0.9245310425758362,0.43545785546302795,0.3149712383747101,-0.521521806716919,0.8528095483779907,0.5674276947975159,0.3145494759082794,-0.43711674213409424,0.9151638150215149,0.43825188279151917,0.3095833361148834,-0.46589916944503784,0.8436122536659241,0.5360638499259949,0.2575139105319977,0.002410160843282938,0.9995021224021912,0.4659501016139984,0.25742146372795105,-0.0022096470929682255,0.9991525411605835,0.5295718908309937,0.3084031045436859,-0.30027544498443604,0.9831156730651855,0.47669553756713867,0.3076701760292053,-0.2614329159259796,0.9742902517318726,0.5170342922210693,0.3639097213745117,0.031606581062078476,0.9782622456550598,0.48383212089538574,0.36302629113197327,0.03377281501889229,0.9790216088294983,0.5128104090690613,0.37073633074760437,0.05425979197025299,0.8831467032432556,0.4879268407821655,0.3697790801525116,0.05423412844538689,0.8646811842918396,0.5171065926551819,0.38354265689849854,-0.09589744359254837,0.9747657179832458,0.4737085700035095,0.38319042325019836,-0.10956107825040817,0.9776173233985901
112,0.49944689869880676,0.1629636585712433,-0.603633463382721,0.9999732375144958,0.5058280825614929,0.15504957735538483,-0.5924460291862488,0.9999273419380188,0.5105822682380676,0.1542828232049942,-0.5924473404884338,0.9999269247055054,0.5144286155700684,0.15353389084339142,-0.5925430059432983,0.9999241232872009,0.4903024733066559,0.15599478781223297,-0.5899000763893127,0.9998961091041565,0.48523303866386414,0.15589208900928497,-0.5900232791900635,0.9998939633369446,0.48105090856552124,0.15573982894420624,-0.5900642275810242,0.9998786449432373,0.5209770202636719,0.1523716002702713,-0.4765831232070923,0.99988853931427,0.4753131568431854,0.15557317435741425,-0.46372881531715393,0.9998118281364441,0.5091930031776428,0.16829417645931244,-0.5556694269180298,0.999968945980072,0.4912836253643036,0.16990123689174652,-0.5521652698516846,0.9999518394470215,0.5687686800956726,0.1861431896686554,-0.3580150008201599,0.999967098236084,0.44065389037132263,0.18580922484397888,-0.3461247682571411,0.9998599290847778,0.5876007676124573,0.23890185356140137,-0.3088495135307312,0.9829912781715393,0.4399072825908661,0.23608316481113434,-0.290232390165329,0.9696782827377319,0.5721207857131958,0.28283244371414185,-0.3549242913722992,0.9437302350997925,0.4492068290710449,0.27352988719940186,-0.34902268648147583,0.90313321352005,0.5688314437866211,0.29661065340042114,-0.38069552183151245,0.9019041061401367,0.44936996698379517,0.28687816858291626,-0.37381473183631897,0.8468681573867798,0.5609918236732483,0.294664204120636,-0.40795162320137024,0.9080471396446228,0.4540380835533142,0.284854918718338,-0.40358713269233704,0.8536597490310669,0.5595216155052185,0.2889164984226227,-0.3654099404811859,0.8985660672187805,0.4555402994155884,0.2797475755214691,-0.36092308163642883,0.842982292175293,0.536209225654602,0.2549877464771271,0.002258898923173547,0.999535858631134,0.4705875813961029,0.25524312257766724,-0.0018939432920888066,0.9992097616195679,0.5291828513145447,0.30752527713775635,-0.18166084587574005,0.9822643995285034,0.47665223479270935,0.3080015778541565,-0.13273204863071442,0.9742776155471802,0.516553521156311,0.36377450823783875,0.02398459054529667,0.9785190224647522,0.48381829261779785,0.36292728781700134,0.055736515671014786,0.9793216586112976,0.5127792358398438,0.3704184293746948,0.03759976476430893,0.8832446336746216,0.4880022406578064,0.36952435970306396,0.06703595072031021,0.8641600012779236,0.5168724060058594,0.38354799151420593,-0.1072249636054039,0.9745451807975769,0.47266700863838196,0.3833717703819275,-0.07432815432548523,0.9777321219444275
113,0.4998537302017212,0.1554851233959198,-0.610316276550293,0.9999710917472839,0.5058740973472595,0.1473512500524521,-0.5935617685317993,0.9999220371246338,0.5105757117271423,0.1468435674905777,-0.5936235785484314,0.9999237656593323,0.5143547058105469,0.14643989503383636,-0.5937346816062927,0.9999115467071533,0.4911310374736786,0.14832448959350586,-0.5941308736801147,0.9998937249183655,0.48609399795532227,0.1483425498008728,-0.5942484736442566,0.9998955130577087,0.48194584250450134,0.14838001132011414,-0.594272255897522,0.9998771548271179,0.5205388069152832,0.1470203548669815,-0.43937477469444275,0.9998821020126343,0.47596147656440735,0.14973138272762299,-0.44018957018852234,0.9998226165771484,0.5092037916183472,0.1613343358039856,-0.5485000014305115,0.9999675750732422,0.4920649826526642,0.16224652528762817,-0.5490747690200806,0.999953031539917,0.5635809302330017,0.17893196642398834,-0.31395936012268066,0.9999523162841797,0.4406850039958954,0.185648113489151,-0.3161504566669464,0.9998499155044556,0.5855127573013306,0.21623872220516205,-0.4311927556991577,0.9667795300483704,0.43307679891586304,0.22426393628120422,-0.4302560091018677,0.9679623246192932,0.5762736797332764,0.2284066379070282,-0.715384840965271,0.8892977237701416,0.43958044052124023,0.23059196770191193,-0.717325747013092,0.8937748074531555,0.576369047164917,0.23460173606872559,-0.7786953449249268,0.8534440398216248,0.43611615896224976,0.23221245408058167,-0.7825168967247009,0.8392382860183716,0.5705766677856445,0.2295411080121994,-0.79740971326828,0.8581536412239075,0.4390087127685547,0.2255215048789978,-0.7939146161079407,0.8442296981811523,0.5670607089996338,0.22723433375358582,-0.729621946811676,0.8417730927467346,0.44224151968955994,0.22455015778541565,-0.7285940051078796,0.824168860912323,0.5355998277664185,0.25375357270240784,0.000221554801100865,0.9995099902153015,0.46971938014030457,0.25397422909736633,3.268150976509787e-05,0.9991859197616577,0.528885543346405,0.31328874826431274,-0.05800197273492813,0.9827383160591125,0.47647207975387573,0.31314215064048767,-0.042795147746801376,0.9756667613983154,0.5161178708076477,0.3641910254955292,0.2432263195514679,0.9789254665374756,0.48378363251686096,0.3629375100135803,0.2513095736503601,0.9804484844207764,0.5122748613357544,0.3706166446208954,0.2616240680217743,0.8790465593338013,0.48792871832847595,0.36933067440986633,0.2709805369377136,0.867979109287262,0.5168911218643188,0.38400042057037354,0.09389562904834747,0.9740477204322815,0.4714875817298889,0.3834570050239563,0.10342759639024734,0.9786491990089417
114,0.49998044967651367,0.1332753300666809,-0.26159271597862244,0.9998483657836914,0.5059233903884888,0.1252819448709488,-0.24239575862884521,0.9998156428337097,0.5105876922607422,0.12496931105852127,-0.2424970269203186,0.9998029470443726,0.5144322514533997,0.12479303777217865,-0.2426205724477768,0.9998045563697815,0.49148282408714294,0.12674611806869507,-0.23936176300048828,0.9996886849403381,0.4866068959236145,0.12721727788448334,-0.2393120676279068,0.999612033367157,0.48252400755882263,0.1276109516620636,-0.2393667995929718,0.9995299577713013,0.5205874443054199,0.1277504712343216,-0.12293894588947296,0.9998269081115723,0.4768402576446533,0.13004283607006073,-0.10623083263635635,0.9995709657669067,0.5100693702697754,0.14041979610919952,-0.21550026535987854,0.9999198317527771,0.49230825901031494,0.14109423756599426,-0.21132537722587585,0.9998368620872498,0.5592510104179382,0.162125363945961,-0.09886309504508972,0.9998752474784851,0.4474184215068817,0.164012610912323,-0.07100500911474228,0.9990142583847046,0.587194561958313,0.18243274092674255,-0.34208205342292786,0.9667896628379822,0.43818941712379456,0.17975649237632751,-0.3822062611579895,0.9435452222824097,0.5478926301002502,0.13833223283290863,-0.529815137386322,0.8922187685966492,0.4617244303226471,0.14942273497581482,-0.48453906178474426,0.8554900288581848,0.5375750064849854,0.1276739537715912,-0.575949490070343,0.8516076803207397,0.46604305505752563,0.141682431101799,-0.5304374694824219,0.7924458980560303,0.5356722474098206,0.1250647008419037,-0.5542047619819641,0.8537728190422058,0.4667796790599823,0.14043472707271576,-0.5186198353767395,0.7932498455047607,0.5359904766082764,0.12989212572574615,-0.5263099074363708,0.8350558876991272,0.4672926068305969,0.14394277334213257,-0.48753708600997925,0.7723270058631897,0.5355836153030396,0.248440220952034,8.973255899036303e-05,0.9995428323745728,0.468953400850296,0.24867239594459534,0.0002489571925252676,0.9992178678512573,0.52891606092453,0.3139520287513733,-0.02563675120472908,0.9829050302505493,0.4760473072528839,0.31389814615249634,0.033221375197172165,0.9751960039138794,0.5154649019241333,0.36356690526008606,0.2773377597332001,0.9774029850959778,0.4837886095046997,0.3618661165237427,0.3147587478160858,0.9788541793823242,0.5116552114486694,0.368912011384964,0.3017484247684479,0.8624308109283447,0.4879915714263916,0.3680783212184906,0.33683961629867554,0.85012286901474,0.517048180103302,0.3840539753437042,0.17084312438964844,0.9719167351722717,0.47159266471862793,0.3834441304206848,0.2094428837299347,0.9765158295631409
115,0.5120160579681396,0.10656512528657913,-0.2687499523162842,0.9998552203178406,0.5176396369934082,0.09946508705615997,-0.24237999320030212,0.9998260736465454,0.5210524201393127,0.09919364005327225,-0.24244031310081482,0.9998123049736023,0.5240767598152161,0.09901339560747147,-0.24252203106880188,0.9998151659965515,0.5050185322761536,0.10029341280460358,-0.2478228211402893,0.9997071623802185,0.4998931884765625,0.10050557553768158,-0.24774837493896484,0.9996334314346313,0.4952417314052582,0.10059699416160583,-0.2477700412273407,0.9995582699775696,0.5228492617607117,0.1025979146361351,-0.11123671382665634,0.9998379945755005,0.48503977060317993,0.10419122129678726,-0.13257166743278503,0.9996035099029541,0.5170750021934509,0.11388503015041351,-0.22012734413146973,0.9999226331710815,0.5020017027854919,0.11551830172538757,-0.22688834369182587,0.9998442530632019,0.5575510263442993,0.14973430335521698,-0.10445547848939896,0.9998086094856262,0.4501478374004364,0.15020084381103516,-0.1293041855096817,0.9987075924873352,0.589482307434082,0.14281782507896423,-0.3529568016529083,0.9672116637229919,0.43287020921707153,0.1314343512058258,-0.3959084153175354,0.9473061561584473,0.5621197819709778,0.09167108684778214,-0.5580076575279236,0.89713454246521,0.4651799499988556,0.09800887107849121,-0.5698940753936768,0.859412670135498,0.557323157787323,0.07863709330558777,-0.6084139943122864,0.8540332317352295,0.4811963140964508,0.0939512625336647,-0.6199855804443359,0.7871954441070557,0.5542315244674683,0.07835850864648819,-0.584274172782898,0.8544304370880127,0.48159512877464294,0.08832686394453049,-0.5933408141136169,0.7835809588432312,0.5498886704444885,0.09283624589443207,-0.5563555955886841,0.8356812000274658,0.4804399311542511,0.09297871589660645,-0.5678094029426575,0.761998176574707,0.5353708863258362,0.24003098905086517,0.0010716734686866403,0.999582052230835,0.46886757016181946,0.23923960328102112,-0.0010099877836182714,0.9992845058441162,0.5289307236671448,0.31257718801498413,0.002695153234526515,0.9840226769447327,0.47168976068496704,0.3122040033340454,0.044069819152355194,0.9764240384101868,0.5154768824577332,0.3612777292728424,0.315475195646286,0.9769933819770813,0.48377126455307007,0.3590933084487915,0.33877408504486084,0.9774884581565857,0.5119693875312805,0.3654218912124634,0.34029603004455566,0.8425977826118469,0.48821812868118286,0.3644971549510956,0.36146649718284607,0.8308019638061523,0.5168777704238892,0.3840869069099426,0.21186372637748718,0.9710200428962708,0.47148922085762024,0.3834359049797058,0.23469172418117523,0.9748923182487488
116,0.5114995241165161,0.09070561826229095,-0.293347030878067,0.9998658299446106,0.5151752233505249,0.08306846022605896,-0.26911869645118713,0.9998379349708557,0.5190702676773071,0.08271551877260208,-0.269133985042572,0.999823272228241,0.5224190950393677,0.08240785449743271,-0.26919519901275635,0.9998263120651245,0.5029361248016357,0.08358487486839294,-0.2692352533340454,0.9997273087501526,0.4970661997795105,0.0835399180650711,-0.2691979706287384,0.9996575713157654,0.49210748076438904,0.08350007236003876,-0.269194632768631,0.9995908141136169,0.5229604840278625,0.08418810367584229,-0.12671025097370148,0.9998515248298645,0.4813441038131714,0.08557816594839096,-0.12323597073554993,0.9996389150619507,0.5167912840843201,0.09791895002126694,-0.23956118524074554,0.9999282956123352,0.498199462890625,0.09783871471881866,-0.23924623429775238,0.9998570680618286,0.5562237501144409,0.12653294205665588,-0.09477578848600388,0.9997727274894714,0.4492388367652893,0.12340223789215088,-0.09038470685482025,0.9987044334411621,0.5922785997390747,0.10144864767789841,-0.32757288217544556,0.9681785702705383,0.42768624424934387,0.09410441666841507,-0.3215276002883911,0.9518314003944397,0.5688028335571289,0.06880016624927521,-0.5218176245689392,0.8921433687210083,0.444211483001709,0.0802166536450386,-0.46989545226097107,0.8637465238571167,0.5661667585372925,0.059746429324150085,-0.5773903727531433,0.841174304485321,0.4508359134197235,0.06026995927095413,-0.5217449069023132,0.7853516936302185,0.5609323382377625,0.06194136664271355,-0.5627610087394714,0.8390827775001526,0.45264896750450134,0.07913745939731598,-0.5072271227836609,0.7790491580963135,0.5580941438674927,0.06666134297847748,-0.5251328349113464,0.8212050795555115,0.452913373708725,0.0797066017985344,-0.47366470098495483,0.7595624923706055,0.535176157951355,0.2251306027173996,0.0004414790601003915,0.9996182322502136,0.4687885642051697,0.22545835375785828,-0.0005198094877414405,0.9993460774421692,0.5289316773414612,0.30406564474105835,-0.04980405420064926,0.9851962924003601,0.46889936923980713,0.30565065145492554,-0.006075848359614611,0.9779945611953735,0.5154801607131958,0.35802990198135376,0.28097325563430786,0.9774646162986755,0.48266178369522095,0.35479748249053955,0.3050398826599121,0.9780234098434448,0.5119750499725342,0.36168602108955383,0.30609434843063354,0.8316434025764465,0.487593412399292,0.3596777617931366,0.32838308811187744,0.8322429060935974,0.5162113308906555,0.3852120637893677,0.150342658162117,0.9714154005050659,0.4704481363296509,0.38353049755096436,0.1766768842935562,0.975176215171814
117,0.5084810853004456,0.07626888155937195,-0.4479237198829651,0.9998759627342224,0.5139464735984802,0.06704989075660706,-0.4272167980670929,0.9998489618301392,0.5188306570053101,0.06639785319566727,-0.42719411849975586,0.999834418296814,0.5217354893684387,0.06567830592393875,-0.4272613823413849,0.9998368620872498,0.49902665615081787,0.06746591627597809,-0.42295771837234497,0.9997473359107971,0.49280044436454773,0.06720391660928726,-0.42298853397369385,0.9996827840805054,0.48724982142448425,0.06692302972078323,-0.42299285531044006,0.9996228218078613,0.5228812098503113,0.0667642205953598,-0.2787057161331177,0.9998632073402405,0.4785972237586975,0.0678313672542572,-0.25587791204452515,0.9996711611747742,0.515828549861908,0.08266622573137283,-0.3894141614437103,0.9999321699142456,0.4964982867240906,0.08350760489702225,-0.3836916983127594,0.9998668432235718,0.5574756264686584,0.0996614322066307,-0.2173854261636734,0.9997655153274536,0.44839200377464294,0.09959171712398529,-0.18564073741436005,0.9987630844116211,0.5983750224113464,0.06487666070461273,-0.4104328155517578,0.9708333611488342,0.42226192355155945,0.05982029810547829,-0.3873116672039032,0.9560557007789612,0.563439667224884,0.02092023938894272,-0.5529756546020508,0.8988068103790283,0.4435584545135498,0.020084040239453316,-0.5580183863639832,0.8738610148429871,0.5569956302642822,0.0117905642837286,-0.6068075895309448,0.844880998134613,0.4496963918209076,0.009197770617902279,-0.6180761456489563,0.7959238290786743,0.5497688055038452,0.01369616761803627,-0.5937747359275818,0.8412125706672668,0.45465120673179626,0.012717027217149734,-0.6008593440055847,0.788177490234375,0.5499810576438904,0.018218794837594032,-0.5549973249435425,0.8235745429992676,0.4552583694458008,0.01740770973265171,-0.5618640184402466,0.7699968814849854,0.5389426350593567,0.20421375334262848,-0.008890300989151001,0.9996504783630371,0.469909131526947,0.2043796330690384,0.00873231515288353,0.9994006156921387,0.5272364020347595,0.29094377160072327,-0.005581638775765896,0.9862396121025085,0.4693434536457062,0.2872903645038605,0.03487318009138107,0.9793714284896851,0.5150153636932373,0.3493864834308624,0.30501121282577515,0.9783670902252197,0.48049959540367126,0.33704984188079834,0.3620232045650482,0.9778074026107788,0.511871874332428,0.3528748154640198,0.32745471596717834,0.8318732976913452,0.485771507024765,0.34161239862442017,0.3870995342731476,0.8300620317459106,0.5144201517105103,0.38229313492774963,0.15854766964912415,0.9720746278762817,0.4702644646167755,0.3722235858440399,0.2329748272895813,0.9744598865509033
118,0.5021477341651917,0.061306431889534,-0.49343979358673096,0.999867856502533,0.5077787041664124,0.051638972014188766,-0.4692912995815277,0.9998341202735901,0.5135135054588318,0.050556957721710205,-0.46924546360969543,0.9998098611831665,0.518084704875946,0.04944409430027008,-0.469363808631897,0.9998213052749634,0.4924953281879425,0.05287016183137894,-0.4611424505710602,0.9997251033782959,0.48684823513031006,0.052676696330308914,-0.46119698882102966,0.9996461868286133,0.4816257059574127,0.052433352917432785,-0.46122074127197266,0.9996103644371033,0.5220405459403992,0.049347855150699615,-0.3204273283481598,0.9998341798782349,0.47589462995529175,0.052174314856529236,-0.2782362997531891,0.9996417164802551,0.5125705003738403,0.0665997564792633,-0.4359185993671417,0.999913215637207,0.49329325556755066,0.06795943528413773,-0.4250326156616211,0.999845564365387,0.5583038926124573,0.08205413818359375,-0.24824826419353485,0.9997565150260925,0.4478845000267029,0.08291780203580856,-0.21464590728282928,0.9987404346466064,0.6147807240486145,0.04899442940950394,-0.414902001619339,0.9734818339347839,0.407489150762558,0.043172482401132584,-0.3366844058036804,0.960067093372345,0.5816658139228821,-0.0016595886554569006,-0.5149290561676025,0.9074848294258118,0.4432779550552368,-0.001775065204128623,-0.5004431009292603,0.8843739032745361,0.5778585076332092,-0.009605600498616695,-0.5695962905883789,0.8554733991622925,0.44686159491539,-0.00855283997952938,-0.4866226613521576,0.8092780709266663,0.5699881315231323,-0.009393098764121532,-0.5576038956642151,0.8513407707214355,0.4519694447517395,-0.006891878321766853,-0.5367234945297241,0.8009182214736938,0.5693250894546509,-0.007051039021462202,-0.5167078375816345,0.8347174525260925,0.45318183302879333,-0.003674853127449751,-0.5142181515693665,0.7840652465820312,0.5403633117675781,0.19362829625606537,-0.01625010557472706,0.9996776580810547,0.4697526693344116,0.19509880244731903,0.016075579449534416,0.9994378685951233,0.5260619521141052,0.27165094017982483,-0.02502671256661415,0.986635684967041,0.46816331148147583,0.27178069949150085,0.0963546484708786,0.9791051149368286,0.5128309726715088,0.31452521681785583,0.5010089874267578,0.9764412641525269,0.4800291359424591,0.31156080961227417,0.6200112700462341,0.9730767607688904,0.5104327201843262,0.3152509033679962,0.550399124622345,0.8274656534194946,0.4849078059196472,0.3137377202510834,0.6685513257980347,0.8193560242652893,0.5062556862831116,0.3523366153240204,0.4013224244117737,0.9698771834373474,0.4719735383987427,0.3484683930873871,0.5337545871734619,0.9688308238983154
119,0.5005566477775574,0.04622531309723854,-0.5657469034194946,0.9998406171798706,0.5049551725387573,0.036599691957235336,-0.5383352637290955,0.9998019337654114,0.5102736353874207,0.03552674129605293,-0.5382190346717834,0.999760627746582,0.5151746869087219,0.03444325551390648,-0.5383272767066956,0.9997813701629639,0.4904615581035614,0.038110312074422836,-0.5243808031082153,0.9996932148933411,0.48488593101501465,0.03803568333387375,-0.5244625806808472,0.9996039271354675,0.4793078303337097,0.037809379398822784,-0.5245760083198547,0.9995927214622498,0.5193446278572083,0.03343280032277107,-0.37115558981895447,0.9997712969779968,0.47186124324798584,0.037324413657188416,-0.3339291214942932,0.9995948672294617,0.5113500952720642,0.05127662420272827,-0.5027180314064026,0.9998806118965149,0.491926908493042,0.05266069248318672,-0.4847848415374756,0.9998139142990112,0.559663712978363,0.06815031170845032,-0.32795050740242004,0.9997023940086365,0.4444752633571625,0.07024563103914261,-0.28580915927886963,0.9986842274665833,0.6329254508018494,0.04022043198347092,-0.5677456855773926,0.9757071733474731,0.3880445957183838,0.04217873886227608,-0.52360600233078,0.9635507464408875,0.6005635857582092,-0.010258208028972149,-0.7410827875137329,0.9145391583442688,0.438850075006485,-0.0034012424293905497,-0.7348870635032654,0.8939224481582642,0.5902769565582275,-0.02689167484641075,-0.802994430065155,0.8623453378677368,0.44224733114242554,-0.019658919423818588,-0.8052701354026794,0.8209589123725891,0.5872743725776672,-0.02459072694182396,-0.7757725715637207,0.8573359251022339,0.450648695230484,-0.022350039333105087,-0.7718868851661682,0.8118821382522583,0.5785170197486877,-0.02073904685676098,-0.7373315095901489,0.8406829237937927,0.44878628849983215,-0.008977696299552917,-0.7321917414665222,0.7955266833305359,0.5438105463981628,0.1834351271390915,-0.01520154532045126,0.9996989965438843,0.4701099097728729,0.1844499260187149,0.015008947812020779,0.9994713068008423,0.5266287922859192,0.2545105516910553,0.038523752242326736,0.986823320388794,0.464189738035202,0.2538750171661377,0.16383951902389526,0.9780219793319702,0.5140492916107178,0.28745922446250916,0.5798892378807068,0.9736937880516052,0.48003873229026794,0.2838604748249054,0.744782030582428,0.9639502763748169,0.5131417512893677,0.2879216969013214,0.6318174004554749,0.8184091448783875,0.4849429726600647,0.284540057182312,0.8001301288604736,0.801844596862793,0.5051527619361877,0.3236234784126282,0.4829881489276886,0.9674065113067627,0.4740052819252014,0.3216415047645569,0.6745154857635498,0.9594130516052246
120,0.4991339147090912,0.03565208613872528,-0.6087207198143005,0.9998206496238708,0.5035865306854248,0.02497841790318489,-0.5842275023460388,0.9997770190238953,0.5089909434318542,0.02358163520693779,-0.5841695070266724,0.9997203946113586,0.51426100730896,0.022117584943771362,-0.5842865109443665,0.9997482299804688,0.48882508277893066,0.027037305757403374,-0.5739403367042542,0.9996773600578308,0.4831483066082001,0.02699524164199829,-0.5740318298339844,0.999582827091217,0.4773268401622772,0.026657598093152046,-0.5741093754768372,0.9995913505554199,0.5193120241165161,0.021313270553946495,-0.4142501652240753,0.999690055847168,0.4693619906902313,0.025274723768234253,-0.3597508668899536,0.9995670914649963,0.5105332136154175,0.04168439656496048,-0.5428186058998108,0.9998466968536377,0.4904880225658417,0.042821768671274185,-0.5295397043228149,0.9997940063476562,0.5642597079277039,0.05854048207402229,-0.3537745773792267,0.9995977282524109,0.4406576454639435,0.0616665855050087,-0.3056117296218872,0.9987019300460815,0.638002336025238,0.042005591094493866,-0.6476274728775024,0.9772343039512634,0.3745664358139038,0.048303548246622086,-0.5832400321960449,0.966673731803894,0.6050835847854614,-0.00418522022664547,-0.9032921195030212,0.9203737378120422,0.42416736483573914,0.0009532211697660387,-0.8905260562896729,0.9028955101966858,0.5918471217155457,-0.018261821940541267,-0.9736758470535278,0.8682703971862793,0.4357721507549286,-0.013386199250817299,-0.9735889434814453,0.8331325650215149,0.5859452486038208,-0.01944340392947197,-0.9432306289672852,0.8626227974891663,0.44595104455947876,-0.01395198330283165,-0.935965895652771,0.8238884210586548,0.5803681015968323,-0.012249124236404896,-0.8994283676147461,0.845244288444519,0.44149670004844666,-0.006240929942578077,-0.887482762336731,0.807620644569397,0.5473408102989197,0.17746351659297943,-0.014171897433698177,0.9997117519378662,0.4700702130794525,0.17857159674167633,0.014025628566741943,0.9995017051696777,0.5267100930213928,0.2461545169353485,0.15116921067237854,0.9843786358833313,0.46436429023742676,0.24521824717521667,0.18846069276332855,0.9742686152458191,0.5146418213844299,0.2667818069458008,0.7485972046852112,0.9608243107795715,0.48010385036468506,0.2628746032714844,0.8079900145530701,0.9439266920089722,0.5137965679168701,0.2644963562488556,0.8071956038475037,0.7905492186546326,0.48498642444610596,0.2622501850128174,0.868427038192749,0.7733507752418518,0.5064070820808411,0.3031940758228302,0.6713889837265015,0.9568806886672974,0.4778166115283966,0.3014019727706909,0.7447835206985474,0.9413313865661621
121,0.4991587996482849,0.033386703580617905,-0.7391403317451477,0.9998222589492798,0.5039851069450378,0.02413414604961872,-0.7197072505950928,0.9997755885124207,0.5095456838607788,0.02297598123550415,-0.7195922136306763,0.9997125864028931,0.5148113369941711,0.021613771095871925,-0.719693660736084,0.9997437596321106,0.48884424567222595,0.025575485080480576,-0.7136275768280029,0.9996897578239441,0.48317649960517883,0.025496462360024452,-0.7137443423271179,0.9996010661125183,0.4773794114589691,0.025162875652313232,-0.7137904763221741,0.999617338180542,0.5199370384216309,0.020054824650287628,-0.5395892858505249,0.9996602535247803,0.4687086045742035,0.023446649312973022,-0.5124691724777222,0.9995871186256409,0.5108537673950195,0.03988216817378998,-0.6656738519668579,0.9998345971107483,0.4904719591140747,0.04089396819472313,-0.6584395170211792,0.9997978806495667,0.5660476088523865,0.053492892533540726,-0.42508676648139954,0.9995519518852234,0.4376806318759918,0.05683228000998497,-0.39840131998062134,0.9987974166870117,0.6419960260391235,0.04915354773402214,-0.6776496767997742,0.9787071943283081,0.3631383180618286,0.055753715336322784,-0.6748644113540649,0.9697162508964539,0.6144455075263977,0.004358144477009773,-0.9402868747711182,0.9260540008544922,0.4073604941368103,0.008442520163953304,-1.0306544303894043,0.912033200263977,0.6086055636405945,-0.008775786496698856,-1.0123183727264404,0.8741098046302795,0.4173983931541443,-0.004525522701442242,-1.1217197179794312,0.8476784229278564,0.5985903143882751,-0.01001104898750782,-0.9846736192703247,0.8680703639984131,0.4294196367263794,-0.00508703850209713,-1.087134599685669,0.8390313386917114,0.5964630246162415,-0.003279581433162093,-0.9378577470779419,0.8502336740493774,0.4266633987426758,0.0011824746616184711,-1.0293607711791992,0.823422908782959,0.5481269359588623,0.16853946447372437,-0.015200953930616379,0.999722421169281,0.47001972794532776,0.17156745493412018,0.01488318108022213,0.9995319843292236,0.5287224650382996,0.22992835938930511,0.25753653049468994,0.9775353074073792,0.464328795671463,0.22725652158260345,0.3471885621547699,0.9652727246284485,0.5217732191085815,0.25427353382110596,0.8573822975158691,0.9467357993125916,0.484524130821228,0.24847762286663055,0.9580591320991516,0.9295932054519653,0.5212187170982361,0.25116482377052307,0.9156129956245422,0.7662847638130188,0.49143099784851074,0.24602921307086945,1.0182290077209473,0.7617624402046204,0.5106040239334106,0.2899460792541504,0.7657055258750916,0.9461637735366821,0.4865868389606476,0.28817182779312134,0.878631591796875,0.9297420382499695
122,0.5007075667381287,0.028608419001102448,-0.5470621585845947,0.9998193979263306,0.5071412920951843,0.02002187818288803,-0.5204214453697205,0.999741792678833,0.5125008821487427,0.019416991621255875,-0.520378828048706,0.999666154384613,0.5175768136978149,0.018525857478380203,-0.5205662846565247,0.9996993541717529,0.4905276298522949,0.020332135260105133,-0.5259436964988708,0.9996647834777832,0.484244167804718,0.01991652324795723,-0.5260754823684692,0.9995893239974976,0.4779597520828247,0.019103627651929855,-0.5261671543121338,0.9996246695518494,0.5237712860107422,0.017083732411265373,-0.3407888412475586,0.9995923638343811,0.46892231702804565,0.018064331263303757,-0.3607391119003296,0.9995907545089722,0.5124121308326721,0.03706279769539833,-0.47344261407852173,0.9998332262039185,0.4907916486263275,0.036229927092790604,-0.47959062457084656,0.9998043775558472,0.5672947764396667,0.04472867026925087,-0.2443254292011261,0.9995626211166382,0.43593066930770874,0.05204067751765251,-0.3257250487804413,0.998888373374939,0.6399229168891907,0.05916246026754379,-0.539442777633667,0.979460597038269,0.3564773499965668,0.06731068342924118,-0.61302250623703,0.9725720286369324,0.6137454509735107,0.012654883787035942,-0.8038050532341003,0.9306845664978027,0.386804461479187,0.021456904709339142,-0.9313028454780579,0.9204232692718506,0.6104573607444763,-0.0036439516115933657,-0.8688697814941406,0.8798485994338989,0.39268699288368225,0.006288178265094757,-1.002894639968872,0.8611863255500793,0.5985264182090759,-0.005499440710991621,-0.8301438093185425,0.873853325843811,0.4050986170768738,0.006009062752127647,-0.962911069393158,0.8531545400619507,0.5956916809082031,0.0035857618786394596,-0.7991513609886169,0.8545370101928711,0.4060371518135071,0.012715548276901245,-0.9250331521034241,0.8379482626914978,0.5528733134269714,0.16420310735702515,-0.009419476613402367,0.9997307062149048,0.4704250693321228,0.1655922532081604,0.009099352173507214,0.9995386600494385,0.5405932068824768,0.18972009420394897,-0.6215963959693909,0.977924644947052,0.4645276665687561,0.18934589624404907,-0.46983417868614197,0.959746778011322,0.523994505405426,0.2411571890115738,-0.03681584447622299,0.9433122277259827,0.48718035221099854,0.23549731075763702,0.10659471899271011,0.919970691204071,0.5225714445114136,0.24303384125232697,0.018554020673036575,0.754893958568573,0.4940919578075409,0.23685090243816376,0.16314832866191864,0.7555514574050903,0.5108052492141724,0.27743279933929443,-0.14512033760547638,0.9427716135978699,0.4881463944911957,0.2736438810825348,0.006253714673221111,0.9240842461585999
123,0.502707302570343,0.025383861735463142,-0.7936168909072876,0.999834418296814,0.5097670555114746,0.016703013330698013,-0.771518886089325,0.999760627746582,0.5148648619651794,0.016204943880438805,-0.7714869379997253,0.9996929168701172,0.5202285647392273,0.015409423038363457,-0.7717143297195435,0.9997214078903198,0.4922279715538025,0.01646680384874344,-0.7742660641670227,0.9996872544288635,0.4856390953063965,0.01589006558060646,-0.77442866563797,0.9996215105056763,0.4790961444377899,0.015132218599319458,-0.7744424939155579,0.9996540546417236,0.5278509259223938,0.01319033745676279,-0.5599700808525085,0.9996257424354553,0.46926289796829224,0.014884130097925663,-0.5722677111625671,0.9996229410171509,0.5141088366508484,0.033590320497751236,-0.7067820429801941,0.9998486638069153,0.4923480451107025,0.03252587839961052,-0.710479736328125,0.999822735786438,0.5728646516799927,0.03898460417985916,-0.4055412709712982,0.9996028542518616,0.4340430796146393,0.051392097026109695,-0.41641929745674133,0.9989868998527527,0.6410329937934875,0.07172214984893799,-0.7337846159934998,0.9809065461158752,0.35375216603279114,0.07949601858854294,-0.7517607808113098,0.9750427007675171,0.6150035858154297,0.0394425243139267,-1.162783145904541,0.936669111251831,0.36315682530403137,0.050936419516801834,-1.2054067850112915,0.9276664853096008,0.6112446188926697,0.023404430598020554,-1.2575926780700684,0.889531135559082,0.36633536219596863,0.03925902768969536,-1.2928669452667236,0.8728567361831665,0.5991641283035278,0.021935803815722466,-1.228767991065979,0.8838431239128113,0.3790574073791504,0.03741300478577614,-1.2696545124053955,0.8653278946876526,0.5967710614204407,0.029542025178670883,-1.1634445190429688,0.8638239502906799,0.38097089529037476,0.04306813329458237,-1.2072839736938477,0.8496464490890503,0.5564131736755371,0.15132658183574677,-0.007632534485310316,0.9997239708900452,0.47139689326286316,0.15438394248485565,0.0075820269994437695,0.9994969964027405,0.5475462079048157,0.16419757902622223,-0.8101558685302734,0.9794427752494812,0.46247047185897827,0.16881871223449707,-0.6510955095291138,0.9584977030754089,0.5254143476486206,0.23672693967819214,-0.26101747155189514,0.9459477066993713,0.48738861083984375,0.23356465995311737,-0.14901787042617798,0.922863245010376,0.5237981081008911,0.23945052921772003,-0.21669062972068787,0.7658994197845459,0.4940918982028961,0.23734226822853088,-0.1082155704498291,0.7671775221824646,0.5113324522972107,0.2728480100631714,-0.4580717980861664,0.9454869031906128,0.4883643388748169,0.2701859772205353,-0.3570966422557831,0.927108645439148
124,0.5037515163421631,0.020403793081641197,-0.5530652403831482,0.9998501539230347,0.5125023126602173,0.010675137862563133,-0.5270900130271912,0.9997824430465698,0.5180922150611877,0.009746129624545574,-0.5270787477493286,0.9997219443321228,0.5240782499313354,0.00877353735268116,-0.5272253155708313,0.9997466206550598,0.49389156699180603,0.011420332826673985,-0.5289215445518494,0.9997156262397766,0.48692283034324646,0.01111640129238367,-0.5291050672531128,0.9996574521064758,0.48064422607421875,0.010779491625726223,-0.5290798544883728,0.9996861815452576,0.5339858531951904,0.008381759747862816,-0.3325423300266266,0.9996607303619385,0.47106704115867615,0.010750633664429188,-0.3439030051231384,0.9996581077575684,0.5147390961647034,0.028707565739750862,-0.47703319787979126,0.9998635053634644,0.49297213554382324,0.028449250385165215,-0.48079901933670044,0.9998401999473572,0.5800347328186035,0.04506141319870949,-0.21678367257118225,0.9996389150619507,0.43417811393737793,0.04474185034632683,-0.2150924801826477,0.999078094959259,0.6525830626487732,0.07579044997692108,-0.490098237991333,0.9823970198631287,0.3628081977367401,0.08584649115800858,-0.448837012052536,0.9764991998672485,0.6126545667648315,0.04504045471549034,-0.8572783470153809,0.942148745059967,0.3575742244720459,0.0788806676864624,-0.8817429542541504,0.933310329914093,0.6080072522163391,0.03102431446313858,-0.9281687140464783,0.8985242247581482,0.3517577052116394,0.07416797429323196,-0.9509903788566589,0.8828811645507812,0.5972203612327576,0.03473367914557457,-0.9059504270553589,0.8932729959487915,0.3594958186149597,0.0686103105545044,-0.9386756420135498,0.876189649105072,0.5945229530334473,0.04343293234705925,-0.8566734194755554,0.8735469579696655,0.36387819051742554,0.06930031627416611,-0.8840721249580383,0.8605411052703857,0.5564045906066895,0.1512019783258438,-0.001594909350387752,0.9997014999389648,0.47262465953826904,0.15185321867465973,0.00192457705270499,0.9994707703590393,0.5509979724884033,0.15291836857795715,-0.729042649269104,0.9809028506278992,0.462480753660202,0.15210549533367157,-0.6715799570083618,0.9601925611495972,0.5263155698776245,0.23766063153743744,-0.3245810568332672,0.9484400153160095,0.4859788715839386,0.2380393147468567,-0.3068458139896393,0.9282836318016052,0.523745059967041,0.24490386247634888,-0.2911756932735443,0.7811042070388794,0.491401344537735,0.2464507520198822,-0.27866682410240173,0.7825650572776794,0.5170297026634216,0.2709667980670929,-0.49935653805732727,0.948364794254303,0.4858730137348175,0.269131064414978,-0.5072599053382874,0.9316810965538025
125,0.5057483315467834,0.017826352268457413,-0.16144835948944092,0.999864935874939,0.5156312584877014,0.00833056028932333,-0.14508451521396637,0.9998035430908203,0.5218637585639954,0.007563343271613121,-0.14518052339553833,0.9997491836547852,0.5277190804481506,0.006862944457679987,-0.1452874094247818,0.9997712969779968,0.4959641098976135,0.008977671153843403,-0.14591269195079803,0.9997431039810181,0.48857223987579346,0.00872531346976757,-0.14598345756530762,0.99969083070755,0.48221513628959656,0.008439254015684128,-0.14609035849571228,0.9997165203094482,0.53801029920578,0.00658645061776042,-0.033513933420181274,0.9996936917304993,0.47208091616630554,0.008560223504900932,-0.04113388434052467,0.9996910691261292,0.5161944031715393,0.026529986411333084,-0.12019792944192886,0.9998770952224731,0.4937364459037781,0.02650047093629837,-0.12242034822702408,0.9998560547828674,0.5840055346488953,0.04275517165660858,-0.011161800473928452,0.9996743202209473,0.4344157874584198,0.0433700829744339,-0.006013546604663134,0.9991669058799744,0.6498225331306458,0.09722291678190231,-0.15800116956233978,0.983712375164032,0.37282490730285645,0.08291793614625931,-0.13171610236167908,0.9777215719223022,0.6135115623474121,0.0738874152302742,-0.388858437538147,0.9475283026695251,0.35390064120292664,0.09110643714666367,-0.3923085629940033,0.9390408396720886,0.6067540645599365,0.07483816146850586,-0.432723730802536,0.9079568982124329,0.34041035175323486,0.10434829443693161,-0.4319341778755188,0.8933025598526001,0.5959356427192688,0.06934600323438644,-0.4247528314590454,0.9031856060028076,0.35292327404022217,0.10177848488092422,-0.4476758539676666,0.8872865438461304,0.5935345888137817,0.07011644542217255,-0.3887028098106384,0.8849629163742065,0.3603198826313019,0.09717242419719696,-0.40395817160606384,0.8727038502693176,0.5554859042167664,0.14581432938575745,-0.0002497555688023567,0.9997125267982483,0.47258806228637695,0.14719578623771667,0.0004975259071215987,0.9994932413101196,0.5518150925636292,0.15035051107406616,-0.4461444020271301,0.9821272492408752,0.46178144216537476,0.1528884321451187,-0.41746991872787476,0.9622536897659302,0.5287796854972839,0.24021276831626892,-0.22734375298023224,0.951706051826477,0.4859353005886078,0.24235835671424866,-0.20328746736049652,0.9334512948989868,0.5246582627296448,0.24851709604263306,-0.2114507108926773,0.7952988743782043,0.4913378655910492,0.25237151980400085,-0.18665583431720734,0.7957573533058167,0.5294167399406433,0.2755970358848572,-0.33538874983787537,0.9514069557189941,0.48593443632125854,0.2746557295322418,-0.3131702244281769,0.9364165663719177
126,0.5062096118927002,0.016314560547471046,-0.39345794916152954,0.9998784065246582,0.516299307346344,0.006246795877814293,-0.37016603350639343,0.9998231530189514,0.5226587653160095,0.0055585685186088085,-0.3701941967010498,0.9997742176055908,0.5286270976066589,0.0049057891592383385,-0.37026989459991455,0.999794065952301,0.49618542194366455,0.007056916132569313,-0.36844542622566223,0.9997686743736267,0.48895394802093506,0.006976488512009382,-0.36858028173446655,0.9997215867042542,0.48264986276626587,0.00692923367023468,-0.36857399344444275,0.999744713306427,0.539091944694519,0.0048027606680989265,-0.18341051042079926,0.999724268913269,0.47334930300712585,0.0073752920143306255,-0.17870557308197021,0.9997217059135437,0.5170251727104187,0.02486160770058632,-0.3202593922615051,0.9998893737792969,0.4942140281200409,0.025216158479452133,-0.3193940818309784,0.9998704195022583,0.5919255614280701,0.048477135598659515,-0.0726090744137764,0.9997067451477051,0.43437275290489197,0.0449768528342247,-0.03731992840766907,0.9992486834526062,0.6458105444908142,0.10700233280658722,-0.21377038955688477,0.9848758578300476,0.37886136770248413,0.08610299974679947,-0.13281571865081787,0.9768568873405457,0.6121591925621033,0.11382033675909042,-0.5320031046867371,0.9520420432090759,0.34425088763237,0.12123031169176102,-0.4630814790725708,0.9389380216598511,0.6061093211174011,0.12979544699192047,-0.5984144806861877,0.9157103896141052,0.330607533454895,0.14252345263957977,-0.5249658226966858,0.8954458832740784,0.5919423699378967,0.12436440587043762,-0.6116403341293335,0.9115143418312073,0.3422434329986572,0.14286187291145325,-0.5580157041549683,0.8909634351730347,0.5921833515167236,0.11749128252267838,-0.5418152213096619,0.8943440914154053,0.35083043575286865,0.13568733632564545,-0.4832473695278168,0.8766772150993347,0.5550190210342407,0.15172013640403748,-0.000433803244959563,0.999735414981842,0.4710446894168854,0.1522112637758255,0.0006883235764689744,0.999531090259552,0.5549057722091675,0.14855752885341644,-0.6636384725570679,0.9835099577903748,0.46175217628479004,0.14558906853199005,-0.6401765942573547,0.9647853970527649,0.5375024676322937,0.2505134642124176,-0.45158156752586365,0.9551767706871033,0.4859021306037903,0.2497418373823166,-0.4444179832935333,0.9381284117698669,0.5287189483642578,0.2601088285446167,-0.4373971223831177,0.8122648000717163,0.49128735065460205,0.2599828243255615,-0.43268322944641113,0.8108611702919006,0.538483202457428,0.2835939824581146,-0.6603688597679138,0.9549970626831055,0.4855489730834961,0.27948155999183655,-0.6743190884590149,0.9408619999885559
127,0.5071399807929993,0.015801597386598587,-0.6416890621185303,0.9998904466629028,0.5173977613449097,0.005163260735571384,-0.6194109916687012,0.999840497970581,0.5240500569343567,0.004350625444203615,-0.6194280982017517,0.9997965097427368,0.5301887392997742,0.0035686015617102385,-0.6195868849754333,0.9998143315315247,0.4965481162071228,0.006247684359550476,-0.6170870661735535,0.999791145324707,0.4894199073314667,0.006268946919590235,-0.6172835230827332,0.9997488856315613,0.4830215573310852,0.006189675070345402,-0.6173006296157837,0.9997696280479431,0.5408278703689575,0.0034878880251199007,-0.42812421917915344,0.9997513890266418,0.47466087341308594,0.007057317066937685,-0.4211049973964691,0.9997485876083374,0.5183968544006348,0.024994855746626854,-0.5656869411468506,0.9999004006385803,0.4950760304927826,0.025295661762356758,-0.5640041828155518,0.9998833537101746,0.6003929972648621,0.051296163350343704,-0.28143998980522156,0.9997358322143555,0.4339212477207184,0.047355178743600845,-0.24668632447719574,0.9993224740028381,0.6460593938827515,0.11791028827428818,-0.3468621075153351,0.9860216379165649,0.37563467025756836,0.09684213995933533,-0.29311010241508484,0.9785650968551636,0.6121417284011841,0.14989235997200012,-0.6005569100379944,0.9554972052574158,0.33755409717559814,0.14764276146888733,-0.5324710011482239,0.9421558976173401,0.6056401133537292,0.1661197692155838,-0.6643860936164856,0.9213986992835999,0.3281537592411041,0.16986805200576782,-0.5857331156730652,0.9004102349281311,0.5917877554893494,0.15939322113990784,-0.6796286702156067,0.9177319407463074,0.3410935401916504,0.1700097918510437,-0.6242762804031372,0.8968291282653809,0.5916278958320618,0.15320713818073273,-0.6117610931396484,0.9009127020835876,0.34774625301361084,0.1633770912885666,-0.5519757866859436,0.8829359412193298,0.5603882670402527,0.14572583138942719,0.000688849831931293,0.9997587203979492,0.47082918882369995,0.14755873382091522,-0.00039954992826096714,0.99956876039505,0.5526869297027588,0.16625769436359406,-0.6544958353042603,0.9847255945205688,0.46186232566833496,0.16067883372306824,-0.5809941291809082,0.9662216305732727,0.5468270778656006,0.2563371956348419,-0.3308296203613281,0.9588556885719299,0.48681843280792236,0.2542584538459778,-0.28242436051368713,0.9425365924835205,0.539555013179779,0.26990005373954773,-0.30796125531196594,0.8271098732948303,0.49380549788475037,0.266677588224411,-0.2622028589248657,0.8220207095146179,0.5465409159660339,0.28993338346481323,-0.5463698506355286,0.9584335684776306,0.4857024550437927,0.2856011986732483,-0.513538658618927,0.9448340535163879
128,0.50826096534729,0.017496399581432343,-0.7689236402511597,0.9999009370803833,0.5188871622085571,0.006874633487313986,-0.7426822185516357,0.9998549818992615,0.5254611372947693,0.00621782336384058,-0.7427301406860352,0.9998154044151306,0.531705915927887,0.005589878186583519,-0.7429333925247192,0.9998312592506409,0.4974049925804138,0.00729225343093276,-0.7393410205841064,0.9998096823692322,0.49010398983955383,0.007063474040478468,-0.7395876049995422,0.999771773815155,0.48360002040863037,0.006954552140086889,-0.7396950721740723,0.9997904300689697,0.543549656867981,0.005506166256964207,-0.535801887512207,0.9997735619544983,0.4758763015270233,0.007356078363955021,-0.524034321308136,0.9997696876525879,0.519771158695221,0.02650604210793972,-0.6875172853469849,0.9999102354049683,0.49606022238731384,0.027165915817022324,-0.6844368577003479,0.9998948574066162,0.6097838878631592,0.05550822243094444,-0.3757494390010834,0.9997609853744507,0.4325200021266937,0.049920760095119476,-0.3308849334716797,0.9993864893913269,0.6489508152008057,0.12694695591926575,-0.36997222900390625,0.9868496656417847,0.36778783798217773,0.11047136038541794,-0.2998875379562378,0.9800443649291992,0.6184656023979187,0.17743895947933197,-0.53459632396698,0.9562296867370605,0.3372214138507843,0.17010611295700073,-0.45063096284866333,0.9415410161018372,0.6146345734596252,0.19373534619808197,-0.5891574621200562,0.9221609234809875,0.33014899492263794,0.1908755749464035,-0.49440330266952515,0.8974394202232361,0.5989935994148254,0.18888886272907257,-0.6269861459732056,0.9190385341644287,0.34395551681518555,0.18972715735435486,-0.5388575792312622,0.8945534825325012,0.5971755981445312,0.183604434132576,-0.5508355498313904,0.9012327194213867,0.3504314720630646,0.1847732663154602,-0.46982723474502563,0.879923403263092,0.5690299272537231,0.1526135802268982,0.0003771484480239451,0.9997756481170654,0.4718240201473236,0.15178519487380981,-0.0001541902602184564,0.9995984435081482,0.5534366369247437,0.17943264544010162,-0.6947844624519348,0.9847668409347534,0.462037056684494,0.17540378868579865,-0.6431476473808289,0.9662024974822998,0.555131733417511,0.2798793911933899,-0.32794201374053955,0.960392951965332,0.48708468675613403,0.27957960963249207,-0.3048446476459503,0.9453475475311279,0.5460756421089172,0.2933655083179474,-0.3034600615501404,0.8359705209732056,0.4943220317363739,0.2918316721916199,-0.2833004593849182,0.8298062086105347,0.5568951964378357,0.3054296672344208,-0.5660247802734375,0.9600074887275696,0.485466331243515,0.3059651553630829,-0.5632994771003723,0.9470845460891724
129,0.5131539702415466,0.020417552441358566,-0.6548901796340942,0.9999102354049683,0.522734522819519,0.009022137150168419,-0.6309430599212646,0.9998679161071777,0.5291981101036072,0.008006664924323559,-0.6309716701507568,0.999832034111023,0.535210371017456,0.007064462639391422,-0.6311380863189697,0.9998464584350586,0.5016077160835266,0.010279834270477295,-0.6292574405670166,0.9998260736465454,0.4938707649707794,0.010215076617896557,-0.6294147372245789,0.9997915029525757,0.4869363307952881,0.010175109840929508,-0.6294584274291992,0.9998085498809814,0.5466985106468201,0.006973376031965017,-0.4366145431995392,0.9997934699058533,0.4778980314731598,0.010654550045728683,-0.43026334047317505,0.9997851252555847,0.5237230658531189,0.02962471731007099,-0.5770798325538635,0.999919056892395,0.5004501938819885,0.03069007769227028,-0.5756148099899292,0.9999051094055176,0.6138694286346436,0.057785239070653915,-0.31374627351760864,0.9997839331626892,0.4312174618244171,0.05436881259083748,-0.2921212613582611,0.9994430541992188,0.6558560729026794,0.13133642077445984,-0.2437731772661209,0.9870903491973877,0.3605363667011261,0.12118958681821823,-0.19268222153186798,0.9810418486595154,0.6448359489440918,0.19174082577228546,-0.37989136576652527,0.9558659791946411,0.3356374502182007,0.18133455514907837,-0.3041728138923645,0.9405441880226135,0.6440464854240417,0.20913192629814148,-0.42177242040634155,0.9202431440353394,0.330430269241333,0.2029770165681839,-0.33571016788482666,0.8930741548538208,0.6307889223098755,0.20585976541042328,-0.46205204725265503,0.9181774854660034,0.34409773349761963,0.2018149346113205,-0.38506704568862915,0.891628623008728,0.6276789903640747,0.20053929090499878,-0.3964644968509674,0.9008844494819641,0.35005682706832886,0.19554302096366882,-0.32423463463783264,0.8775596022605896,0.5699440240859985,0.1621217280626297,4.1352286643814296e-05,0.9997923374176025,0.47220492362976074,0.15652664005756378,0.0001786633802112192,0.999626874923706,0.5566120743751526,0.18760795891284943,-0.6528169512748718,0.985802173614502,0.4662538468837738,0.19335074722766876,-0.5864341855049133,0.9680719375610352,0.5701992511749268,0.3026740252971649,-0.3021434545516968,0.9634240865707397,0.48730897903442383,0.3075483441352844,-0.2688639163970947,0.9498270153999329,0.5628713369369507,0.31517404317855835,-0.27555519342422485,0.84856778383255,0.4950472116470337,0.3201335668563843,-0.24596846103668213,0.8417099118232727,0.5704907178878784,0.33481577038764954,-0.520758867263794,0.962959885597229,0.48361936211586,0.34011852741241455,-0.5159635543823242,0.9509548544883728
130,0.515821099281311,0.022135054692626,-0.8451212644577026,0.9999184012413025,0.5252681374549866,0.013854692690074444,-0.821113646030426,0.9998789429664612,0.5315394401550293,0.013066936284303665,-0.8211530447006226,0.9998461604118347,0.5373308062553406,0.012275377288460732,-0.8213295936584473,0.999859094619751,0.504291296005249,0.014739586971700191,-0.8208717703819275,0.9998400807380676,0.4962139129638672,0.014754598028957844,-0.8210613131523132,0.9998083710670471,0.48908787965774536,0.01481658685952425,-0.8211588859558105,0.999823808670044,0.5489570498466492,0.012073119170963764,-0.5972893834114075,0.999809980392456,0.4794570803642273,0.015434505417943,-0.5977063179016113,0.9997992515563965,0.5265384912490845,0.032804179936647415,-0.7538012862205505,0.9999269247055054,0.5038079023361206,0.03325474262237549,-0.7541532516479492,0.9999143481254578,0.6185914278030396,0.06314297765493393,-0.3854424059391022,0.9998049139976501,0.4303176999092102,0.05865716189146042,-0.3985535800457001,0.9994958639144897,0.6678107380867004,0.13905008137226105,-0.32369619607925415,0.9873335361480713,0.3570314347743988,0.1286727339029312,-0.33264172077178955,0.9823348522186279,0.6701484322547913,0.20225995779037476,-0.4874133765697479,0.9556362628936768,0.33022478222846985,0.19199858605861664,-0.4952344000339508,0.9418959617614746,0.673574686050415,0.22258129715919495,-0.5345882773399353,0.9191383123397827,0.3273806571960449,0.21346093714237213,-0.5417447090148926,0.8935515880584717,0.6617759466171265,0.22098588943481445,-0.5759228467941284,0.9180288910865784,0.3401700258255005,0.21211785078048706,-0.5665236711502075,0.8928818106651306,0.6565040349960327,0.21542049944400787,-0.5049647092819214,0.9006941318511963,0.34518614411354065,0.20556597411632538,-0.5112488269805908,0.8786890506744385,0.5714761018753052,0.17580921947956085,0.007747109513729811,0.9998000860214233,0.472427636384964,0.17396493256092072,-0.007448348216712475,0.9996339082717896,0.5647809505462646,0.2236243635416031,-0.6072731614112854,0.9859596490859985,0.4679933786392212,0.2310909479856491,-0.592693567276001,0.9694550037384033,0.5796066522598267,0.32793810963630676,-0.213200181722641,0.9655826091766357,0.4870758652687073,0.33713993430137634,-0.21633639931678772,0.9539724588394165,0.5732454061508179,0.34237784147262573,-0.1847342848777771,0.8561541438102722,0.49358266592025757,0.34729817509651184,-0.189699187874794,0.8517425060272217,0.5841445326805115,0.36377042531967163,-0.44437599182128906,0.9649382829666138,0.4862355589866638,0.37149494886398315,-0.47224366664886475,0.9542688727378845
131,0.5184375047683716,0.035083748400211334,-0.8124043941497803,0.9999257922172546,0.5276405811309814,0.021697301417589188,-0.7963150143623352,0.9998891949653625,0.5337824821472168,0.02010023407638073,-0.7963436841964722,0.9998593330383301,0.53935706615448,0.01876678131520748,-0.7965489625930786,0.9998713731765747,0.5058451294898987,0.02525998465716839,-0.7902660965919495,0.9998527765274048,0.49737605452537537,0.02526620216667652,-0.7904093861579895,0.9998229146003723,0.4899882674217224,0.024765105918049812,-0.7904586791992188,0.9998372197151184,0.5499042868614197,0.014805138111114502,-0.5952379107475281,0.9998266696929932,0.48009252548217773,0.022877810522913933,-0.5668643116950989,0.9998122453689575,0.5296635031700134,0.0421484112739563,-0.7278481721878052,0.9999340176582336,0.5063765645027161,0.044181130826473236,-0.7199069857597351,0.9999225735664368,0.6213577389717102,0.07159826159477234,-0.3819500803947449,0.9998239874839783,0.43110528588294983,0.06961056590080261,-0.35509949922561646,0.999544620513916,0.6765165328979492,0.14451520144939423,-0.3113049864768982,0.9880568981170654,0.3588796854019165,0.13058598339557648,-0.26319363713264465,0.9834938645362854,0.6919870972633362,0.21065101027488708,-0.42459049820899963,0.9574858546257019,0.3278961777687073,0.19567905366420746,-0.3636476993560791,0.9436295032501221,0.7082449793815613,0.22971652448177338,-0.4598899781703949,0.9213862419128418,0.32005739212036133,0.21454215049743652,-0.38862302899360657,0.8944111466407776,0.6934882998466492,0.22963149845600128,-0.512760579586029,0.9209305644035339,0.3293149471282959,0.21502110362052917,-0.4515790641307831,0.894469678401947,0.6862361431121826,0.22476457059383392,-0.444364458322525,0.9043848514556885,0.33487242460250854,0.209341362118721,-0.3890129327774048,0.8817009925842285,0.5695235729217529,0.1945974975824356,0.009918137453496456,0.999792754650116,0.47006604075431824,0.19390079379081726,-0.009626716375350952,0.9996179342269897,0.5745986104011536,0.2621067762374878,-0.5218732357025146,0.9857456684112549,0.47305232286453247,0.2589179575443268,-0.525147557258606,0.97127765417099,0.5885602831840515,0.36326730251312256,-0.20109760761260986,0.9666923880577087,0.48682093620300293,0.37312939763069153,-0.22462406754493713,0.9572684168815613,0.5794065594673157,0.3728491961956024,-0.18213242292404175,0.8593349456787109,0.4926733076572418,0.38052061200141907,-0.2054302990436554,0.8576492071151733,0.6013317108154297,0.39133283495903015,-0.4430052638053894,0.9653200507164001,0.5067489147186279,0.4107650816440582,-0.4795505106449127,0.9563802480697632
132,0.5239554643630981,0.048495419323444366,-0.7065129280090332,0.9999316334724426,0.531451940536499,0.033024538308382034,-0.6939770579338074,0.9998940229415894,0.5369126200675964,0.030960796400904655,-0.6939544677734375,0.9998670220375061,0.5420127511024475,0.0292107705026865,-0.6940590143203735,0.9998789429664612,0.5119735598564148,0.037397563457489014,-0.6899190545082092,0.9998612999916077,0.5036489963531494,0.037611428648233414,-0.6900537014007568,0.9998325705528259,0.49561721086502075,0.03720677271485329,-0.6900986433029175,0.9998454451560974,0.5486198663711548,0.026181120425462723,-0.5452147722244263,0.9998371601104736,0.4819442331790924,0.03455564007163048,-0.5218853950500488,0.9998201131820679,0.5342305302619934,0.05493995174765587,-0.6373329162597656,0.9999393224716187,0.5109902024269104,0.05794357880949974,-0.6316243410110474,0.9999287128448486,0.6251372694969177,0.0859537348151207,-0.3936387896537781,0.9998407363891602,0.43321120738983154,0.08698209375143051,-0.3398398756980896,0.9995882511138916,0.6875408291816711,0.15248557925224304,-0.30731701850891113,0.9890134930610657,0.3607747256755829,0.14135202765464783,-0.18944385647773743,0.984661877155304,0.7163736820220947,0.21889713406562805,-0.371559739112854,0.9610440731048584,0.3230821192264557,0.19608081877231598,-0.19097886979579926,0.9473164081573486,0.7355332970619202,0.23506766557693481,-0.38316789269447327,0.9273656606674194,0.30921635031700134,0.21442429721355438,-0.18786406517028809,0.8999449610710144,0.7247409820556641,0.23568816483020782,-0.42707306146621704,0.9270851016044617,0.31754904985427856,0.21599750220775604,-0.23526720702648163,0.9003193974494934,0.7156891226768494,0.23024794459342957,-0.3855327367782593,0.9118716716766357,0.32467353343963623,0.211809903383255,-0.20772023499011993,0.888542652130127,0.5756581425666809,0.21366874873638153,0.004802932497113943,0.999663770198822,0.47112804651260376,0.21486155688762665,-0.00502008618786931,0.999579131603241,0.5860828757286072,0.3028334975242615,-0.05152352899312973,0.9856608510017395,0.4727206230163574,0.31337565183639526,-0.15379957854747772,0.9734317064285278,0.5959762334823608,0.4009537696838379,0.18121710419654846,0.9686089158058167,0.4859243929386139,0.41786032915115356,0.07023151218891144,0.9605568051338196,0.5898612141609192,0.41096973419189453,0.1931200623512268,0.8476403951644897,0.49198371171951294,0.42178282141685486,0.0833960771560669,0.8555200695991516,0.6103007793426514,0.44361627101898193,0.00698759825900197,0.9659448862075806,0.5020468831062317,0.4559195339679718,-0.10755456984043121,0.9588192701339722
133,0.5233086943626404,0.08331633359193802,-1.0083231925964355,0.999938428401947,0.5307414531707764,0.06928104907274246,-1.0036566257476807,0.999904453754425,0.5366582870483398,0.06770215928554535,-1.0034717321395874,0.9998801946640015,0.5422627329826355,0.06610359996557236,-1.0035079717636108,0.9998908638954163,0.5116703510284424,0.07130696624517441,-0.999928891658783,0.999875009059906,0.5044158101081848,0.0711277648806572,-1.0001347064971924,0.9998491406440735,0.49740034341812134,0.07076092064380646,-0.9999629259109497,0.9998607039451599,0.5503219962120056,0.06311586499214172,-0.8005031943321228,0.9998533129692078,0.4859216809272766,0.06845388561487198,-0.7834521532058716,0.9998379349708557,0.5348705053329468,0.0898643359541893,-0.9162351489067078,0.9999452829360962,0.5135242938995361,0.09190833568572998,-0.9113684296607971,0.9999356865882874,0.6221110820770264,0.10567320138216019,-0.5148419737815857,0.9998565912246704,0.4405089020729065,0.110603928565979,-0.45089197158813477,0.9996291399002075,0.6916024088859558,0.15884150564670563,-0.2453446239233017,0.9900631904602051,0.3678056001663208,0.15108558535575867,-0.026968523859977722,0.9854286313056946,0.7373018264770508,0.21926474571228027,-0.19564898312091827,0.9647809863090515,0.3255116045475006,0.19478526711463928,0.1899656057357788,0.9513562321662903,0.757081925868988,0.23569828271865845,-0.1818810999393463,0.9338967204093933,0.30622169375419617,0.2102786898612976,0.23027917742729187,0.9065726399421692,0.7494201064109802,0.23813743889331818,-0.25173401832580566,0.9337308406829834,0.3157574534416199,0.21228958666324615,0.16389857232570648,0.9071331024169922,0.7416560053825378,0.2339654266834259,-0.2158864587545395,0.9197821617126465,0.323935866355896,0.2094009667634964,0.17499655485153198,0.8962411880493164,0.5815494060516357,0.24112765491008759,-0.009609382599592209,0.9995720982551575,0.4747987985610962,0.2427665889263153,0.009510294534265995,0.9995788335800171,0.5927854776382446,0.3400167226791382,-0.05782819911837578,0.9867219924926758,0.4751129150390625,0.3458942770957947,-0.2791001796722412,0.9758472442626953,0.6065481305122375,0.44395264983177185,0.18445554375648499,0.9714072346687317,0.48469361662864685,0.457366406917572,-0.01924135908484459,0.9642271995544434,0.5991151332855225,0.45454978942871094,0.1917019933462143,0.8541321158409119,0.4911036193370819,0.46296384930610657,-0.004998093470931053,0.8658388257026672,0.6147944927215576,0.46987825632095337,-0.05213572457432747,0.968654453754425,0.4993550181388855,0.4941520690917969,-0.21336469054222107,0.9624862670898438
134,0.5262998342514038,0.107142373919487,-0.9803005456924438,0.9999443292617798,0.5336164832115173,0.09285394847393036,-0.9785106778144836,0.9999130368232727,0.5396715402603149,0.09126906841993332,-0.978258490562439,0.9998914003372192,0.5453575253486633,0.08978892862796783,-0.9783569574356079,0.9999008178710938,0.5141803026199341,0.09640280157327652,-0.9746450781822205,0.9998863339424133,0.5070093870162964,0.09701123833656311,-0.9748311638832092,0.9998630881309509,0.5002545714378357,0.09738045185804367,-0.9745662212371826,0.9998729825019836,0.5534833073616028,0.08910394459962845,-0.7907925844192505,0.9998671412467957,0.4885618984699249,0.09715621173381805,-0.7731571197509766,0.999852180480957,0.538119912147522,0.11483147740364075,-0.8944616317749023,0.9999501705169678,0.5161277651786804,0.11774881184101105,-0.8895648121833801,0.9999405741691589,0.6220018863677979,0.13624586164951324,-0.5093605518341064,0.9998705387115479,0.44235095381736755,0.14000797271728516,-0.44658854603767395,0.9996620416641235,0.6991255879402161,0.1720585823059082,-0.1237940788269043,0.9909824132919312,0.37173664569854736,0.16746149957180023,0.0054420898668468,0.984399676322937,0.749241828918457,0.22284488379955292,0.11075033247470856,0.9681382775306702,0.3310273289680481,0.20480720698833466,0.2956026494503021,0.9519222974777222,0.7766715288162231,0.24081042408943176,0.15462690591812134,0.9397098422050476,0.3138010501861572,0.21500198543071747,0.35238319635391235,0.9057773351669312,0.768178403377533,0.24306932091712952,0.08502071350812912,0.9396555423736572,0.3230549991130829,0.2163790762424469,0.290109246969223,0.9068460464477539,0.7583340406417847,0.2395544797182083,0.09676036983728409,0.9269120693206787,0.3304983675479889,0.2149566113948822,0.2832750678062439,0.8971673250198364,0.5863402485847473,0.2771814167499542,-0.013492655009031296,0.9993957281112671,0.4766630530357361,0.28084316849708557,0.013272297568619251,0.999423086643219,0.5998502969741821,0.39026889204978943,-0.05754198133945465,0.9876875877380371,0.4754199683666229,0.3972768187522888,-0.15605704486370087,0.977853000164032,0.6141747832298279,0.49332961440086365,0.165788933634758,0.973861575126648,0.4844472110271454,0.5081451535224915,0.079249307513237,0.9673412442207336,0.6053902506828308,0.5022094249725342,0.17221002280712128,0.854533314704895,0.4916965663433075,0.5131286978721619,0.08833888918161392,0.8710451126098633,0.6217331886291504,0.5409257411956787,-0.0630345270037651,0.9710758328437805,0.4991740584373474,0.5508672595024109,-0.13872750103473663,0.9656106233596802
135,0.5334267616271973,0.14294776320457458,-0.7323678135871887,0.9999440312385559,0.5396468639373779,0.13065530359745026,-0.7358754873275757,0.999901533126831,0.5451656579971313,0.12987050414085388,-0.7356507778167725,0.9998859167098999,0.550628125667572,0.12893028557300568,-0.7359651923179626,0.999896228313446,0.5209068059921265,0.13127073645591736,-0.7551904320716858,0.9998680949211121,0.5132652521133423,0.1309937834739685,-0.7550382614135742,0.9998422861099243,0.5062085390090942,0.1306895613670349,-0.7542479634284973,0.9998390078544617,0.5556666254997253,0.12874466180801392,-0.5758770704269409,0.9998668432235718,0.4921831488609314,0.13169212639331818,-0.6419493556022644,0.9998118877410889,0.5426000356674194,0.15108729898929596,-0.6524698138237,0.9999461770057678,0.5206741094589233,0.1524762213230133,-0.6723988056182861,0.9999199509620667,0.6189342141151428,0.16863040626049042,-0.31638261675834656,0.9998826384544373,0.44195035099983215,0.17551177740097046,-0.29486656188964844,0.9996249079704285,0.7002654671669006,0.19539400935173035,0.05994143337011337,0.9917535781860352,0.3748705983161926,0.18795423209667206,0.13749635219573975,0.9698308110237122,0.7651467323303223,0.23590941727161407,0.3073725998401642,0.9710233211517334,0.34766101837158203,0.22675633430480957,0.44620615243911743,0.9153552055358887,0.7980191707611084,0.24918341636657715,0.353119432926178,0.9444721937179565,0.3388850688934326,0.23630517721176147,0.5021132230758667,0.859329104423523,0.7924943566322327,0.2521558701992035,0.29348742961883545,0.9445762634277344,0.35147929191589355,0.23643702268600464,0.4572352468967438,0.8618581891059875,0.7789424061775208,0.24848654866218567,0.2944139242172241,0.9328848123550415,0.35866138339042664,0.23162513971328735,0.4379037320613861,0.8555758595466614,0.5847570300102234,0.32420971989631653,-0.012173541821539402,0.999289870262146,0.476400762796402,0.3256140947341919,0.01200981717556715,0.9991124868392944,0.6054978370666504,0.43749162554740906,-0.033995889127254486,0.9883873462677002,0.4760846793651581,0.43971729278564453,-0.08743446320295334,0.979071319103241,0.6275070309638977,0.5474952459335327,0.14237189292907715,0.9758388996124268,0.48388028144836426,0.5536638498306274,0.10476148873567581,0.9695266485214233,0.6194314956665039,0.5566940307617188,0.1463034600019455,0.848013162612915,0.4916970133781433,0.5649641752243042,0.11064999550580978,0.8685735464096069,0.6392746567726135,0.5797628164291382,-0.07089154422283173,0.9728766083717346,0.49302080273628235,0.5832803249359131,-0.08896327763795853,0.9677473306655884
136,0.5327851176261902,0.16502481698989868,-0.5060145258903503,0.9999431371688843,0.540517270565033,0.1523931920528412,-0.49859145283699036,0.9998854398727417,0.5463795065879822,0.1516534388065338,-0.4984498620033264,0.9998786449432373,0.5521885752677917,0.15122057497501373,-0.4986341595649719,0.9998869895935059,0.522747278213501,0.15424850583076477,-0.49953675270080566,0.999846339225769,0.5163438320159912,0.1547229290008545,-0.49957558512687683,0.9998254776000977,0.5104448199272156,0.15523743629455566,-0.4992811381816864,0.9998128414154053,0.5570120215415955,0.1551181524991989,-0.3575003743171692,0.9998642206192017,0.49990490078926086,0.15936221182346344,-0.35980671644210815,0.999787449836731,0.5428866147994995,0.17447829246520996,-0.44378799200057983,0.9999432563781738,0.5217143893241882,0.17555122077465057,-0.4445648193359375,0.9999083876609802,0.6265204548835754,0.2096846103668213,-0.18836601078510284,0.9998931884765625,0.4417667090892792,0.20612026751041412,-0.1370658576488495,0.9996273517608643,0.7129371762275696,0.2419765144586563,0.15703387558460236,0.9923915266990662,0.38413774967193604,0.2396942675113678,0.27230381965637207,0.9642031788825989,0.7825857996940613,0.2667044699192047,0.4225693345069885,0.9735443592071533,0.37311041355133057,0.27927687764167786,0.5827428698539734,0.9043519496917725,0.8284390568733215,0.2821168303489685,0.47156164050102234,0.9487061500549316,0.3623003363609314,0.2916577160358429,0.6343645453453064,0.8414426445960999,0.820366621017456,0.28357893228530884,0.414634644985199,0.9489484429359436,0.37607404589653015,0.2913677394390106,0.5970012545585632,0.8447449803352356,0.8038426041603088,0.27967536449432373,0.4108012914657593,0.9382258653640747,0.38283437490463257,0.2862449288368225,0.576671302318573,0.8401338458061218,0.5856078267097473,0.36984434723854065,-0.015257898718118668,0.9992924332618713,0.47673091292381287,0.36887964606285095,0.01496769767254591,0.999078631401062,0.6139074563980103,0.48298272490501404,-0.022031256929039955,0.9891848564147949,0.47578299045562744,0.4835190773010254,-0.044059064239263535,0.9801813960075378,0.6312004923820496,0.5929777026176453,0.22743624448776245,0.9777121543884277,0.48291248083114624,0.6009767055511475,0.214897021651268,0.9714515209197998,0.6225950121879578,0.6015426516532898,0.24093769490718842,0.8403314352035522,0.4916122555732727,0.6109840869903564,0.2291681319475174,0.8650088310241699,0.6418848037719727,0.6374805569648743,0.03677966818213463,0.9745894074440002,0.4883669316768646,0.6385015845298767,0.0476858913898468,0.9696106910705566
137,0.5438412427902222,0.21721625328063965,-0.47710350155830383,0.999943196773529,0.5485063195228577,0.2047732174396515,-0.4581811726093292,0.9998765587806702,0.5532635450363159,0.20440325140953064,-0.45822983980178833,0.999875009059906,0.5579518675804138,0.2040715366601944,-0.4583580493927002,0.9998831152915955,0.5309639573097229,0.2055812031030655,-0.4608911871910095,0.9998345375061035,0.5231285095214844,0.20584940910339355,-0.46085125207901,0.999809741973877,0.5153564810752869,0.20616354048252106,-0.4607125222682953,0.9997862577438354,0.5601223707199097,0.20759323239326477,-0.2842715084552765,0.9998602271080017,0.5001503825187683,0.21151871979236603,-0.2926628887653351,0.9997453689575195,0.5517807602882385,0.22807201743125916,-0.40589526295661926,0.9999381303787231,0.5317765474319458,0.22925440967082977,-0.4082236886024475,0.9998978972434998,0.6261128783226013,0.2563425898551941,-0.16458271443843842,0.9999027848243713,0.44212421774864197,0.2602771818637848,-0.10359401255846024,0.9996277093887329,0.715186357498169,0.2974408268928528,-0.05554862320423126,0.9928721785545349,0.38857302069664,0.3112758696079254,0.1449470967054367,0.9619019031524658,0.7997004389762878,0.3221290707588196,-0.1646963357925415,0.9759086966514587,0.37573468685150146,0.3601587414741516,0.2170286774635315,0.903883695602417,0.8444145321846008,0.3339671194553375,-0.21560411155223846,0.9530115127563477,0.36292803287506104,0.3767976760864258,0.22083595395088196,0.8394002914428711,0.8399893641471863,0.33323511481285095,-0.2936626672744751,0.9533542990684509,0.3748774826526642,0.37709254026412964,0.16528037190437317,0.8439422845840454,0.8216115236282349,0.3298887312412262,-0.20757682621479034,0.9436012506484985,0.38141945004463196,0.3734830319881439,0.19547885656356812,0.8404683470726013,0.5884901285171509,0.41305747628211975,-0.014385519549250603,0.9992604851722717,0.4792143702507019,0.4143291711807251,0.014104487374424934,0.9989987015724182,0.6235595345497131,0.5297120213508606,-0.050003599375486374,0.9894922971725464,0.4757061302661896,0.5277186036109924,-0.058529261499643326,0.981294572353363,0.6387766599655151,0.6467397212982178,0.12359089404344559,0.9790353775024414,0.479817658662796,0.653339684009552,0.13055966794490814,0.9727619290351868,0.6296387314796448,0.6602163314819336,0.1316123753786087,0.8385307192802429,0.4867731034755707,0.6640558838844299,0.13727110624313354,0.8586914539337158,0.6507264971733093,0.6942064762115479,-0.08718229830265045,0.9754732251167297,0.47833719849586487,0.6920849680900574,-0.08148424327373505,0.9703073501586914
138,0.5448607206344604,0.25955578684806824,-0.5684322714805603,0.999942421913147,0.5503420233726501,0.24938848614692688,-0.5541474223136902,0.9998475909233093,0.555568277835846,0.24896852672100067,-0.5541300177574158,0.9998531341552734,0.5607479810714722,0.2487831562757492,-0.5542613863945007,0.9998520016670227,0.5321172475814819,0.2508159875869751,-0.5546929836273193,0.9998207688331604,0.5245602130889893,0.2512955963611603,-0.5547338724136353,0.9998059868812561,0.5171647071838379,0.25194770097732544,-0.5545889139175415,0.9997800588607788,0.5639613270759583,0.25318577885627747,-0.37383878231048584,0.9998073577880859,0.502478837966919,0.2573443353176117,-0.3635333478450775,0.9997376799583435,0.5546920299530029,0.2700522840023041,-0.4957602024078369,0.9999281167984009,0.5341622829437256,0.27142301201820374,-0.48362088203430176,0.9998965859413147,0.6313274502754211,0.30657804012298584,-0.22166843712329865,0.9999058246612549,0.4426051676273346,0.3137940466403961,-0.2801051139831543,0.999659538269043,0.7176922559738159,0.3601275384426117,-0.10691509395837784,0.9928458333015442,0.39597514271736145,0.38950273394584656,-0.23889440298080444,0.9650203585624695,0.8057332634925842,0.40692242980003357,-0.22796288132667542,0.9767946600914001,0.3773179054260254,0.45016780495643616,-0.35553115606307983,0.9119004011154175,0.8478347063064575,0.4208344519138336,-0.26505088806152344,0.9532831311225891,0.3627322018146515,0.4743898808956146,-0.39787614345550537,0.8514026403427124,0.8503309488296509,0.4215320348739624,-0.326945424079895,0.9543430805206299,0.37320810556411743,0.4767313003540039,-0.4585663378238678,0.8558523058891296,0.8349739909172058,0.4188137948513031,-0.2610151767730713,0.9453920722007751,0.3808292746543884,0.468842089176178,-0.3839168846607208,0.8522145748138428,0.5920058488845825,0.4549265205860138,0.0034355823881924152,0.9992038011550903,0.4796998202800751,0.45476415753364563,-0.0034812127705663443,0.9990416765213013,0.6305674910545349,0.5470800995826721,-0.20742471516132355,0.989395260810852,0.47644731402397156,0.5361834764480591,-0.47581619024276733,0.9828633666038513,0.6309871077537537,0.6673300862312317,0.007332607638090849,0.9797898530960083,0.48477330803871155,0.6683596968650818,-0.23272593319416046,0.974777102470398,0.6206156611442566,0.6844812035560608,0.01538163423538208,0.8437591195106506,0.49144965410232544,0.6850438714027405,-0.2202485203742981,0.8647061586380005,0.6528302431106567,0.7019395232200623,-0.2245146632194519,0.9757605791091919,0.4785428047180176,0.7027794718742371,-0.4674871861934662,0.9722826480865479
139,0.549780547618866,0.31233903765678406,-0.680350124835968,0.9999480247497559,0.5544301271438599,0.2970832586288452,-0.6570994853973389,0.9998621344566345,0.5603987574577332,0.29595649242401123,-0.6570387482643127,0.9998672604560852,0.566358208656311,0.2950643002986908,-0.6571936011314392,0.9998660683631897,0.5348272323608398,0.2993665039539337,-0.6622021198272705,0.9998378753662109,0.5264112949371338,0.29958754777908325,-0.6623677611351013,0.9998248219490051,0.5180283784866333,0.29992666840553284,-0.6622274518013,0.9998012185096741,0.5721662044525146,0.29561999440193176,-0.4529380202293396,0.9998257160186768,0.5022227168083191,0.3022308945655823,-0.47307902574539185,0.9997629523277283,0.5608353018760681,0.3213129937648773,-0.5971128344535828,0.9999350905418396,0.5410045981407166,0.3245209753513336,-0.6014999747276306,0.9999067187309265,0.6484530568122864,0.34895259141921997,-0.2531393766403198,0.9999149441719055,0.4428245425224304,0.36256110668182373,-0.3346365690231323,0.9996926784515381,0.7229828238487244,0.4205937385559082,-0.1888992190361023,0.993281900882721,0.405625581741333,0.4458537995815277,-0.27559906244277954,0.9678666591644287,0.8036720752716064,0.4922997057437897,-0.3104797899723053,0.9784979224205017,0.3804643154144287,0.5195966958999634,-0.37927255034446716,0.919099748134613,0.8422752022743225,0.5106474757194519,-0.3467245399951935,0.9560732245445251,0.3621521592140198,0.5461382269859314,-0.4199155569076538,0.8624359369277954,0.8349921703338623,0.5150424242019653,-0.408309668302536,0.9573472738265991,0.37594708800315857,0.5481489896774292,-0.4805949330329895,0.8669312596321106,0.8186153769493103,0.5086613297462463,-0.3401029109954834,0.9493110179901123,0.38501083850860596,0.5406732559204102,-0.4058738350868225,0.8634398579597473,0.5981875061988831,0.487802654504776,0.00643293559551239,0.9992766976356506,0.48601293563842773,0.49002164602279663,-0.00625990703701973,0.9991307258605957,0.6257875561714172,0.5303294658660889,-0.5765658617019653,0.9900389313697815,0.4786052107810974,0.5213267207145691,-0.603667676448822,0.9842820763587952,0.6239228844642639,0.663655698299408,-0.30490773916244507,0.9809715747833252,0.48590415716171265,0.6646087169647217,-0.3602710962295532,0.9768807888031006,0.6143015623092651,0.6803321838378906,-0.28613635897636414,0.8556993007659912,0.49614349007606506,0.682248055934906,-0.34399113059043884,0.8752485513687134,0.6499376893043518,0.7031127214431763,-0.5206178426742554,0.9771825075149536,0.46570903062820435,0.7051696181297302,-0.6008448004722595,0.9745339751243591
140,0.5551348328590393,0.36397212743759155,-0.6727302074432373,0.9999528527259827,0.5600302219390869,0.34773725271224976,-0.6477410793304443,0.9998747706413269,0.5659313797950745,0.34607329964637756,-0.6477236747741699,0.9998794794082642,0.5718073844909668,0.3444211781024933,-0.6479352116584778,0.9998783469200134,0.5401691198348999,0.35068798065185547,-0.6519162654876709,0.999852180480957,0.5310660600662231,0.3509760797023773,-0.6520684361457825,0.9998406767845154,0.5214331150054932,0.3511505722999573,-0.6519756317138672,0.9998191595077515,0.5769363641738892,0.3431857228279114,-0.4348989427089691,0.9998416304588318,0.5019748210906982,0.35180285573005676,-0.4563386142253876,0.999783456325531,0.5659359693527222,0.37246713042259216,-0.587250292301178,0.9999414086341858,0.5451218485832214,0.3761843144893646,-0.5913484692573547,0.9999157786369324,0.6622089743614197,0.3984024226665497,-0.23743589222431183,0.9999231696128845,0.4397244155406952,0.4132222831249237,-0.30488166213035583,0.9997209906578064,0.7335201501846313,0.4819719195365906,-0.19094236195087433,0.9936749935150146,0.40216299891471863,0.5040538907051086,-0.25978776812553406,0.9699593782424927,0.7965095639228821,0.5640057325363159,-0.33684587478637695,0.9797916412353516,0.3879772126674652,0.5822774767875671,-0.3902451694011688,0.9219175577163696,0.8317050933837891,0.5868741869926453,-0.3867300748825073,0.958024799823761,0.3748432695865631,0.6105550527572632,-0.43490955233573914,0.8653708696365356,0.8121505379676819,0.5915079116821289,-0.44571661949157715,0.9596004486083984,0.3965538740158081,0.6101494431495667,-0.5009784698486328,0.87076735496521,0.7946572303771973,0.5844371318817139,-0.3641396164894104,0.9522770643234253,0.40281710028648376,0.6022056341171265,-0.4170907437801361,0.8675932884216309,0.6021546721458435,0.5350204110145569,0.01070129033178091,0.9993453025817871,0.4853290617465973,0.5426082611083984,-0.010227473452687263,0.99921053647995,0.6244394779205322,0.5300142765045166,-0.7565581798553467,0.9905115365982056,0.4823502004146576,0.5347810387611389,-0.697831392288208,0.9848675727844238,0.620574951171875,0.6615858674049377,-0.3865029513835907,0.9811128973960876,0.48826518654823303,0.6634418368339539,-0.37718042731285095,0.9779150485992432,0.6111577153205872,0.6787980198860168,-0.3558080196380615,0.8665543794631958,0.4991719126701355,0.6784499287605286,-0.3512367010116577,0.8840200304985046,0.6488659977912903,0.7010216116905212,-0.5869914293289185,0.9775099158287048,0.46858134865760803,0.7023544311523438,-0.6167488098144531,0.9756988286972046
141,0.559960126876831,0.40498027205467224,-0.5824248194694519,0.9999552369117737,0.5680999159812927,0.3882438540458679,-0.5690950155258179,0.9998772740364075,0.5749179720878601,0.3864443004131317,-0.569098174571991,0.9998834729194641,0.5814682841300964,0.38464537262916565,-0.5692388415336609,0.999879777431488,0.547583818435669,0.39073556661605835,-0.5727140307426453,0.9998548030853271,0.5395013093948364,0.3903855085372925,-0.5728486776351929,0.9998459219932556,0.531015157699585,0.3898812234401703,-0.5728469491004944,0.9998210072517395,0.5898460745811462,0.38097187876701355,-0.4119868874549866,0.9998458027839661,0.5116488337516785,0.38614505529403687,-0.4296456575393677,0.9997884631156921,0.571929395198822,0.4117461144924164,-0.5164183974266052,0.9999457001686096,0.5515793561935425,0.41455456614494324,-0.5209420323371887,0.9999225735664368,0.6638005971908569,0.4275606870651245,-0.274405837059021,0.9999300241470337,0.44663381576538086,0.4293181300163269,-0.31112146377563477,0.9997450113296509,0.7263172268867493,0.5085980892181396,-0.27495649456977844,0.9939787983894348,0.4022004306316376,0.5095338225364685,-0.3045419156551361,0.9715878963470459,0.7931125164031982,0.5877036452293396,-0.3876323699951172,0.9813690781593323,0.39938250184059143,0.5791988372802734,-0.3911898136138916,0.9270106554031372,0.8089671730995178,0.6140975952148438,-0.424274206161499,0.9611948132514954,0.39401379227638245,0.6073346734046936,-0.4239926040172577,0.8732431530952454,0.774513304233551,0.6139274835586548,-0.46801960468292236,0.9627482295036316,0.41524237394332886,0.6048389673233032,-0.4616338014602661,0.8787128329277039,0.7610632181167603,0.6053932309150696,-0.4070160388946533,0.9560447335243225,0.4189075231552124,0.5937164425849915,-0.40679052472114563,0.8752456307411194,0.6063768267631531,0.5495462417602539,0.010112157091498375,0.9993886947631836,0.491813600063324,0.5532175302505493,-0.009705843403935432,0.9992676973342896,0.6388989686965942,0.5738822221755981,-0.49839380383491516,0.9888496398925781,0.48311734199523926,0.5504235029220581,-0.5081118941307068,0.9830708503723145,0.6191293001174927,0.6607888340950012,-0.25940921902656555,0.9756999015808105,0.4931775629520416,0.6686554551124573,-0.2353479117155075,0.9774591326713562,0.6091390252113342,0.676873505115509,-0.2874751091003418,0.8652895092964172,0.508397102355957,0.6847769618034363,-0.23085923492908478,0.8885579109191895,0.6434598565101624,0.6994495987892151,-0.2734625041484833,0.972212553024292,0.4699862003326416,0.7022925615310669,-0.3761150538921356,0.9753586649894714
142,0.5615105032920837,0.4404478371143341,-0.6370294094085693,0.999958872795105,0.5706928372383118,0.4247891306877136,-0.6149789690971375,0.9998878836631775,0.5780915021896362,0.4233556091785431,-0.6149861812591553,0.999893307685852,0.5856718420982361,0.4216887056827545,-0.6151679158210754,0.999889612197876,0.5492321252822876,0.4254509210586548,-0.6191300749778748,0.9998671412467957,0.5402098894119263,0.42442166805267334,-0.6193617582321167,0.999859094619751,0.5309147834777832,0.42315784096717834,-0.6194360256195068,0.9998362064361572,0.598750114440918,0.41546106338500977,-0.4142971932888031,0.9998591542243958,0.5136487483978271,0.41846799850463867,-0.43198809027671814,0.9998060464859009,0.5734924077987671,0.4476469159126282,-0.5396103262901306,0.9999508261680603,0.5512443780899048,0.4499503970146179,-0.5483934283256531,0.9999299645423889,0.6715146899223328,0.46180686354637146,-0.2492353618144989,0.9999352097511292,0.4492667317390442,0.4608071446418762,-0.30760452151298523,0.9997671246528625,0.7247527837753296,0.5428164601325989,-0.24818211793899536,0.9938104748725891,0.40137720108032227,0.5356734991073608,-0.3801034092903137,0.9709388017654419,0.7592110633850098,0.6120177507400513,-0.4587826132774353,0.9819444417953491,0.409233957529068,0.571110188961029,-0.7179700136184692,0.9308897852897644,0.759828507900238,0.6308444738388062,-0.5150735378265381,0.962063729763031,0.41667965054512024,0.5855383276939392,-0.7866724729537964,0.8803501725196838,0.7322067618370056,0.6285179257392883,-0.5593718886375427,0.9638392329216003,0.4296034872531891,0.5760948061943054,-0.8219848871231079,0.8857501149177551,0.7235382199287415,0.6234140396118164,-0.47909867763519287,0.9573253393173218,0.42849627137184143,0.5693485736846924,-0.7368558049201965,0.8809184432029724,0.6202471852302551,0.5867241621017456,0.014040094800293446,0.9994258284568787,0.5039228200912476,0.5918806791305542,-0.01364863570779562,0.999321699142456,0.6373867988586426,0.5462936162948608,-0.6826092600822449,0.9882256388664246,0.47902911901474,0.5644410252571106,-0.6991841197013855,0.9808449149131775,0.6206943988800049,0.6610734462738037,-0.29068490862846375,0.971098780632019,0.49464523792266846,0.6678646802902222,-0.33027034997940063,0.9767652153968811,0.6087890267372131,0.6780230402946472,-0.2606108486652374,0.872127115726471,0.5105116963386536,0.6854242086410522,-0.3016020357608795,0.8941525816917419,0.6426100134849548,0.6969959735870361,-0.44826191663742065,0.968006432056427,0.4709216356277466,0.7025105953216553,-0.5458241701126099,0.9737829566001892
143,0.5692616105079651,0.4658506512641907,-0.6070025563240051,0.9999528527259827,0.577629804611206,0.4488886296749115,-0.5937501192092896,0.9998745918273926,0.584962785243988,0.4467162489891052,-0.5937858819961548,0.9998806118965149,0.5923900008201599,0.4445247948169708,-0.5939342379570007,0.9998711347579956,0.5565128326416016,0.45238640904426575,-0.5967720746994019,0.9998522996902466,0.5474645495414734,0.45258617401123047,-0.5970184206962585,0.9998435974121094,0.5376698970794678,0.45241087675094604,-0.5971258878707886,0.9998161792755127,0.6039565205574036,0.4383927583694458,-0.4165474474430084,0.999840497970581,0.5183118581771851,0.4478732645511627,-0.4328871965408325,0.9997836351394653,0.5819124579429626,0.4732452929019928,-0.5301772952079773,0.9999495148658752,0.5586656332015991,0.4762243926525116,-0.5358595252037048,0.9999309182167053,0.6749938726425171,0.48407551646232605,-0.3015534579753876,0.9999333620071411,0.45911577343940735,0.47812050580978394,-0.31264904141426086,0.9997722506523132,0.7221762537956238,0.5626066327095032,-0.3578702211380005,0.9927142858505249,0.4003400206565857,0.5589810609817505,-0.4682851731777191,0.9711636900901794,0.7285436987876892,0.630891740322113,-0.5395361185073853,0.9814370274543762,0.41995367407798767,0.563972532749176,-0.7787912487983704,0.935312807559967,0.7296879291534424,0.6490580439567566,-0.5820931196212769,0.9615455269813538,0.42633792757987976,0.5646610260009766,-0.8328373432159424,0.8880006670951843,0.711557149887085,0.6463671326637268,-0.608527421951294,0.9632424712181091,0.4347575604915619,0.5532099008560181,-0.8403836488723755,0.8927759528160095,0.7054237723350525,0.6398349404335022,-0.5503799319267273,0.9563162326812744,0.43861961364746094,0.5525287985801697,-0.7843719720840454,0.88579922914505,0.6259813904762268,0.6078861951828003,0.008307382464408875,0.9993825554847717,0.5090992450714111,0.6040273308753967,-0.00839556660503149,0.9993146061897278,0.6356794834136963,0.5733237862586975,-0.5318556427955627,0.9731730818748474,0.47612446546554565,0.5738303661346436,-0.5637796521186829,0.9590374231338501,0.621816098690033,0.6636959910392761,-0.24050001800060272,0.9460453391075134,0.49628958106040955,0.6715767979621887,-0.24121758341789246,0.9650137424468994,0.610223650932312,0.6769572496414185,-0.23676368594169617,0.8544719815254211,0.5106316208839417,0.6854621171951294,-0.19541466236114502,0.8831658363342285,0.640749990940094,0.6929960250854492,-0.26605021953582764,0.9474354982376099,0.47157901525497437,0.701236367225647,-0.3296629786491394,0.9629126191139221
144,0.5822276473045349,0.4838930368423462,-0.9544619917869568,0.9998968243598938,0.5902693867683411,0.46914318203926086,-0.9313626289367676,0.9997773170471191,0.5979940295219421,0.4669604003429413,-0.9313380718231201,0.9997737407684326,0.605455219745636,0.4645805060863495,-0.9315717816352844,0.9997502565383911,0.5692516565322876,0.4719861149787903,-0.9346842169761658,0.99973064661026,0.5604667663574219,0.4718259274959564,-0.9349644184112549,0.9997103214263916,0.5517362952232361,0.4714251756668091,-0.9350707530975342,0.9996815323829651,0.6145434379577637,0.45703214406967163,-0.6681745648384094,0.9996621012687683,0.5303734540939331,0.4670742452144623,-0.6875773072242737,0.9995756149291992,0.5947089195251465,0.4907025396823883,-0.8425983786582947,0.9999169707298279,0.5714128613471985,0.4930211305618286,-0.848526656627655,0.9998995065689087,0.6794103384017944,0.4956301152706146,-0.4407224655151367,0.999921441078186,0.47399136424064636,0.4841165542602539,-0.4811144769191742,0.999754786491394,0.7223907709121704,0.5730239152908325,-0.5100545883178711,0.9899285435676575,0.4002021551132202,0.549178421497345,-0.7534005641937256,0.9717100858688354,0.7226135730743408,0.635270357131958,-0.7712651491165161,0.9797447323799133,0.44539985060691833,0.5445451140403748,-1.2162748575210571,0.9382644295692444,0.7282975316047668,0.6507061123847961,-0.8425137996673584,0.9583818316459656,0.4623582363128662,0.539242148399353,-1.3109161853790283,0.892336905002594,0.7140388488769531,0.6518679261207581,-0.8798576593399048,0.960359513759613,0.47388461232185364,0.5263310670852661,-1.3092526197433472,0.8959816098213196,0.7077288031578064,0.6461589336395264,-0.7901538014411926,0.9512019157409668,0.4718346893787384,0.5275741815567017,-1.2229939699172974,0.8840809464454651,0.6281735301017761,0.6117417812347412,0.010517292656004429,0.9993152022361755,0.509152352809906,0.6073042154312134,-0.01045188494026661,0.9992777109146118,0.6438424587249756,0.5608203411102295,-0.7729034423828125,0.9654281139373779,0.4716123938560486,0.5630617737770081,-0.7761099338531494,0.9481519460678101,0.6266682744026184,0.6648179292678833,-0.302336186170578,0.9284182786941528,0.49665096402168274,0.672732412815094,-0.335722953081131,0.9568379521369934,0.6124024987220764,0.6816777586936951,-0.26567506790161133,0.8475562334060669,0.511303186416626,0.689207911491394,-0.2992134392261505,0.8743969798088074,0.6447692513465881,0.6960137486457825,-0.49113112688064575,0.9314926266670227,0.46648210287094116,0.7038869261741638,-0.5721141695976257,0.952290415763855
145,0.594148576259613,0.49578574299812317,-1.1359378099441528,0.9996967315673828,0.6030994653701782,0.4830213785171509,-1.1098250150680542,0.9995479583740234,0.6113350987434387,0.4820545017719269,-1.109824776649475,0.9995630383491516,0.6193196773529053,0.4808402955532074,-1.110128402709961,0.9995207786560059,0.5812546014785767,0.48291411995887756,-1.111266016960144,0.9992060661315918,0.5730600953102112,0.48200446367263794,-1.1114890575408936,0.9990347027778625,0.5653207898139954,0.48098528385162354,-1.1114436388015747,0.998906672000885,0.6318177580833435,0.473833829164505,-0.8349397778511047,0.9994608759880066,0.5478701591491699,0.47647932171821594,-0.8428856730461121,0.9981337189674377,0.6062535047531128,0.5037876963615417,-1.0207313299179077,0.9997841715812683,0.5829004049301147,0.5036842823028564,-1.0234094858169556,0.9995930790901184,0.6883118152618408,0.5023953914642334,-0.6091996431350708,0.999904215335846,0.4833332300186157,0.4897865355014801,-0.5788972973823547,0.9989577531814575,0.7299310564994812,0.5845674276351929,-0.6998594403266907,0.9885174036026001,0.40391048789024353,0.5398924946784973,-0.8612625002861023,0.9704634547233582,0.7284989356994629,0.6540199518203735,-0.8950902819633484,0.978928804397583,0.5043066143989563,0.535422146320343,-1.27449631690979,0.9386230707168579,0.7414931058883667,0.6705840826034546,-0.9516559839248657,0.9546332955360413,0.5129594802856445,0.47506147623062134,-1.3498730659484863,0.8892196416854858,0.7196063995361328,0.6709939241409302,-0.9810559153556824,0.9566614627838135,0.5209896564483643,0.4667266607284546,-1.3204474449157715,0.8891605734825134,0.7101461887359619,0.6660175919532776,-0.9082061648368835,0.9451268315315247,0.5175073742866516,0.47958552837371826,-1.2692511081695557,0.8666497468948364,0.6242735385894775,0.6130554676055908,0.008311890996992588,0.999260425567627,0.5086364150047302,0.6105770468711853,-0.00821319967508316,0.9992499947547913,0.6755313873291016,0.5583673119544983,-0.752257227897644,0.953486979007721,0.46645843982696533,0.5669894814491272,-0.7557985186576843,0.9430477619171143,0.626058042049408,0.6646584868431091,-0.24495230615139008,0.9078879952430725,0.4974612295627594,0.6705034375190735,-0.31301939487457275,0.9515575766563416,0.6119418144226074,0.6802722215652466,-0.20568525791168213,0.8355980515480042,0.5119030475616455,0.6878188848495483,-0.2775789201259613,0.868090033531189,0.6575303077697754,0.69547039270401,-0.4259095788002014,0.913942277431488,0.4675363302230835,0.7027917504310608,-0.5343010425567627,0.9450547099113464
146,0.6193686127662659,0.489944189786911,-0.9719566106796265,0.9994236826896667,0.6277918219566345,0.4785986542701721,-0.9508567452430725,0.999186098575592,0.6347067952156067,0.47763925790786743,-0.9508211612701416,0.9992073774337769,0.6414337754249573,0.4760080873966217,-0.9510582685470581,0.9991849660873413,0.6053908467292786,0.4773545265197754,-0.9581557512283325,0.998442530632019,0.5965574979782104,0.47580787539482117,-0.958361029624939,0.9979609251022339,0.5885981321334839,0.4741627275943756,-0.9583424925804138,0.9976511597633362,0.6503249406814575,0.46756988763809204,-0.7200037837028503,0.9991763234138489,0.5695356130599976,0.46979472041130066,-0.7553084492683411,0.995530903339386,0.6277498006820679,0.4988023340702057,-0.8733077645301819,0.9995365738868713,0.6042945981025696,0.4982190430164337,-0.8840312957763672,0.9991821646690369,0.7001355290412903,0.5017127394676208,-0.5380181074142456,0.9998604655265808,0.4959406554698944,0.48815569281578064,-0.5457311272621155,0.9978798031806946,0.7322213053703308,0.5922870635986328,-0.6076287627220154,0.9859696626663208,0.4126065671443939,0.5303689241409302,-0.8067263960838318,0.9650205373764038,0.7356035113334656,0.6664894819259644,-0.7556487917900085,0.9765892028808594,0.5097386240959167,0.5283743143081665,-1.1329938173294067,0.9336054921150208,0.7559863924980164,0.6848803162574768,-0.7964954972267151,0.9486522078514099,0.5443570613861084,0.46292057633399963,-1.1923329830169678,0.877579391002655,0.7218359708786011,0.6840077638626099,-0.819134533405304,0.9509280920028687,0.5493847727775574,0.4602148234844208,-1.163076400756836,0.8749436140060425,0.7148557901382446,0.6792090535163879,-0.7649624943733215,0.9382452964782715,0.5442842841148376,0.4712247848510742,-1.1256507635116577,0.8433865904808044,0.6212308406829834,0.6002273559570312,0.009684795513749123,0.9991888403892517,0.5092713832855225,0.5997521281242371,-0.009592242538928986,0.9991829991340637,0.6962420344352722,0.5759803056716919,-0.6574407815933228,0.942726731300354,0.47027722001075745,0.5661172866821289,-0.6945579051971436,0.9373963475227356,0.626292884349823,0.6619491577148438,-0.15478552877902985,0.8919999599456787,0.5012904405593872,0.6679012179374695,-0.27011555433273315,0.9498279690742493,0.6114730834960938,0.6763066053390503,-0.10849663615226746,0.8188697695732117,0.5147438645362854,0.6846706867218018,-0.26762720942497253,0.8646768927574158,0.6562157273292542,0.6926644444465637,-0.3090970516204834,0.9004790186882019,0.4703509509563446,0.6991952061653137,-0.5101422071456909,0.9425331354141235
147,0.6484313607215881,0.4789770543575287,-0.9793559908866882,0.9991708397865295,0.6575798988342285,0.46720510721206665,-0.9595725536346436,0.9988394975662231,0.6632109880447388,0.4662875831127167,-0.9595475792884827,0.9989151358604431,0.6686185002326965,0.4650764763355255,-0.9598232507705688,0.9989162087440491,0.6390590071678162,0.4658684730529785,-0.9686696529388428,0.9974533915519714,0.6313415765762329,0.4640396237373352,-0.9688181281089783,0.9965686202049255,0.6233862638473511,0.462004154920578,-0.9687549471855164,0.9959465861320496,0.6750482320785522,0.45847684144973755,-0.7317093014717102,0.9989585876464844,0.6046954393386841,0.4552817642688751,-0.7761275172233582,0.9916277527809143,0.6525101661682129,0.4868113696575165,-0.8805949091911316,0.9993878602981567,0.6331377625465393,0.4849167764186859,-0.8940640687942505,0.9988275170326233,0.7247260808944702,0.499435156583786,-0.5704148411750793,0.9998464584350586,0.5175447463989258,0.469368577003479,-0.5589568018913269,0.9963054060935974,0.7410349249839783,0.5929163098335266,-0.6918514966964722,0.9848134517669678,0.41164466738700867,0.506880521774292,-0.8570725917816162,0.957893967628479,0.7553547620773315,0.676842451095581,-0.8592669367790222,0.9765397310256958,0.5282033085823059,0.4942334294319153,-1.2122631072998047,0.9203870892524719,0.7854066491127014,0.6966680884361267,-0.9120385050773621,0.9479706287384033,0.5535803437232971,0.4558907449245453,-1.280329942703247,0.8551422357559204,0.7587099075317383,0.6973550915718079,-0.932956337928772,0.9505330324172974,0.5611525774002075,0.45496469736099243,-1.2466331720352173,0.8500007390975952,0.7431843876838684,0.6924494504928589,-0.8694410920143127,0.9372740983963013,0.5581121444702148,0.46272656321525574,-1.2049413919448853,0.8088260889053345,0.6241229772567749,0.5864057540893555,0.009350092150270939,0.9991015791893005,0.5113633871078491,0.5812779068946838,-0.00926447194069624,0.9990541934967041,0.6813810467720032,0.5746294856071472,-0.7339662313461304,0.9368832111358643,0.4778789281845093,0.5623279213905334,-0.7462778687477112,0.9324127435684204,0.6255918145179749,0.6602290868759155,-0.19780682027339935,0.8858087658882141,0.5022179484367371,0.6635919809341431,-0.27116653323173523,0.9497761726379395,0.6082574129104614,0.6734710931777954,-0.1504400372505188,0.8012788891792297,0.5149168372154236,0.6782131195068359,-0.23969827592372894,0.8601090908050537,0.6453168988227844,0.695065438747406,-0.3812735676765442,0.8964052796363831,0.47125574946403503,0.6971175074577332,-0.4916791617870331,0.9427316188812256
148,0.6713053584098816,0.4687727987766266,-0.8956431150436401,0.9990092515945435,0.6834547519683838,0.45674043893814087,-0.8724589943885803,0.9985529780387878,0.6894629597663879,0.4562437832355499,-0.8724461197853088,0.9986479878425598,0.6951156854629517,0.45549729466438293,-0.8726804852485657,0.9986268877983093,0.6628655195236206,0.4552838206291199,-0.8787422776222229,0.9968664646148682,0.6540766954421997,0.45358559489250183,-0.8789072632789612,0.9958029985427856,0.6450509428977966,0.4515983462333679,-0.8788686394691467,0.995100200176239,0.7006020545959473,0.4501931965351105,-0.6632756590843201,0.9987093210220337,0.6243823766708374,0.4437173902988434,-0.7154297232627869,0.9902621507644653,0.6748365163803101,0.4774429202079773,-0.7988831996917725,0.9992372989654541,0.6528410315513611,0.47485318779945374,-0.8083732724189758,0.9986925721168518,0.7393460869789124,0.491146057844162,-0.5164654850959778,0.9998331069946289,0.5236099362373352,0.4504512846469879,-0.527185320854187,0.9962363243103027,0.7478191256523132,0.5884760618209839,-0.6002607941627502,0.9839843511581421,0.4038233757019043,0.482443243265152,-0.7959944009780884,0.9564765095710754,0.7630243301391602,0.6797779202461243,-0.7328932881355286,0.977394163608551,0.5286325812339783,0.47828227281570435,-1.0753949880599976,0.918708324432373,0.7922630906105042,0.7040807604789734,-0.7716777324676514,0.949256956577301,0.5640021562576294,0.4547387361526489,-1.1262531280517578,0.8466210961341858,0.7670204639434814,0.7031953930854797,-0.7925884127616882,0.9519709944725037,0.5782690048217773,0.4528496563434601,-1.0841237306594849,0.8405236005783081,0.7484765648841858,0.6965727210044861,-0.7416397929191589,0.9391582012176514,0.5707124471664429,0.45862987637519836,-1.0602383613586426,0.7930094599723816,0.6258819699287415,0.5730239152908325,0.010913008823990822,0.9988916516304016,0.5115452408790588,0.5666132569313049,-0.010879939422011375,0.998920738697052,0.6765592694282532,0.5667896270751953,-0.6441542506217957,0.930141031742096,0.4836290180683136,0.5511564016342163,-0.6731278300285339,0.9239612817764282,0.6250681281089783,0.6569860577583313,-0.12951689958572388,0.8789384365081787,0.5016732215881348,0.6581289172172546,-0.2250605970621109,0.9494746923446655,0.6081979274749756,0.6687049865722656,-0.08902489393949509,0.779557466506958,0.5148428678512573,0.6726772785186768,-0.18523038923740387,0.8543651103973389,0.6449752449989319,0.696101725101471,-0.29185765981674194,0.8918932676315308,0.47252726554870605,0.6973558664321899,-0.4176674485206604,0.9427640438079834
149,0.7021716237068176,0.45758387446403503,-1.153098702430725,0.9990798234939575,0.7150762677192688,0.4450787603855133,-1.1308019161224365,0.9986443519592285,0.7206669449806213,0.44463109970092773,-1.1306747198104858,0.9987309575080872,0.7265967130661011,0.44399330019950867,-1.1309353113174438,0.9987047910690308,0.6958409547805786,0.44384750723838806,-1.1478465795516968,0.9970832467079163,0.6867859959602356,0.442491739988327,-1.1480951309204102,0.9961085319519043,0.676357090473175,0.4408669173717499,-1.1480780839920044,0.9954608678817749,0.7305935025215149,0.4390522837638855,-0.8788899183273315,0.9987710118293762,0.6520717144012451,0.43311768770217896,-0.9655209183692932,0.9909981489181519,0.702563464641571,0.46729668974876404,-1.0438387393951416,0.9992767572402954,0.6804612278938293,0.4651775360107422,-1.069244384765625,0.9987897872924805,0.7522698044776917,0.4788481891155243,-0.6789928674697876,0.9998360276222229,0.5414677262306213,0.44990164041519165,-0.7489818334579468,0.9964741468429565,0.7535035014152527,0.5858763456344604,-0.7742804884910583,0.9842455387115479,0.40363502502441406,0.46038728952407837,-1.0754857063293457,0.9587607383728027,0.7672587037086487,0.6777313351631165,-0.9264525175094604,0.9779881834983826,0.5580883026123047,0.4609365165233612,-1.3804991245269775,0.92017662525177,0.7928927540779114,0.7028010487556458,-0.9712230563163757,0.9498138427734375,0.5983520150184631,0.4527174234390259,-1.449923038482666,0.8435020446777344,0.7690315246582031,0.7005664706230164,-0.994278609752655,0.9525217413902283,0.6110028028488159,0.44710105657577515,-1.3948699235916138,0.8351149559020996,0.7518270611763,0.6925614476203918,-0.9373803734779358,0.9394847750663757,0.6007503867149353,0.45058295130729675,-1.3610738515853882,0.7784823179244995,0.6266942620277405,0.565189778804779,0.02582327276468277,0.998883843421936,0.5104995965957642,0.5382946133613586,-0.02586989849805832,0.9989545345306396,0.6712765693664551,0.5743171572685242,-0.6408843994140625,0.9262909293174744,0.4881249964237213,0.5573652386665344,-0.7813426852226257,0.9211590886116028,0.6210306882858276,0.6528601050376892,-0.005838715471327305,0.8740750551223755,0.4984811246395111,0.6572611331939697,-0.18651200830936432,0.9502328634262085,0.6030030846595764,0.6656942963600159,0.0505889393389225,0.7644714117050171,0.5103024840354919,0.6697719693183899,-0.13100996613502502,0.8487898111343384,0.6434974074363708,0.6956444382667542,-0.1548365205526352,0.887149453163147,0.4731939733028412,0.7007991075515747,-0.3822762966156006,0.942134439945221
150,0.7311559915542603,0.4473050534725189,-1.1097182035446167,0.9991587400436401,0.7412204146385193,0.4353308379650116,-1.0898833274841309,0.9987573623657227,0.7458102703094482,0.4347632825374603,-1.0897382497787476,0.9988365173339844,0.7501770853996277,0.43404796719551086,-1.089990496635437,0.9988114237785339,0.7235552072525024,0.43452662229537964,-1.1075108051300049,0.9973365068435669,0.7146629095077515,0.4333672821521759,-1.1077730655670166,0.9964544773101807,0.7043622732162476,0.4320125877857208,-1.1077508926391602,0.9958688616752625,0.7486904859542847,0.4298246204853058,-0.859125018119812,0.9988648891448975,0.6779648661613464,0.42467910051345825,-0.9472073912620544,0.9918106198310852,0.729630172252655,0.45654550194740295,-1.008691430091858,0.9993324875831604,0.7071133852005005,0.45570430159568787,-1.0345962047576904,0.9988964796066284,0.7600314021110535,0.470913827419281,-0.6742962598800659,0.9998437166213989,0.5594399571418762,0.4251936078071594,-0.7441823482513428,0.996742308139801,0.7638608813285828,0.5780916213989258,-0.7569766044616699,0.9846293926239014,0.4139358401298523,0.4340967535972595,-1.0334842205047607,0.9618589282035828,0.7687069177627563,0.6788124442100525,-0.8956542015075684,0.9785932302474976,0.560887336730957,0.4543360769748688,-1.2963675260543823,0.9248946309089661,0.7935799956321716,0.7030869126319885,-0.9323434829711914,0.9503340721130371,0.6058131456375122,0.4552497863769531,-1.3573049306869507,0.8479212522506714,0.7707586288452148,0.7033746242523193,-0.9537173509597778,0.953151524066925,0.6166573166847229,0.44982683658599854,-1.3011523485183716,0.8387965559959412,0.7540249228477478,0.6934604644775391,-0.9048041701316833,0.9402554035186768,0.6085697412490845,0.4507598578929901,-1.2749897241592407,0.7773029208183289,0.6254321336746216,0.5331767201423645,0.029469162225723267,0.9989301562309265,0.5091829895973206,0.5083005428314209,-0.02964116632938385,0.9990078806877136,0.660038411617279,0.5732995867729187,-0.5470752716064453,0.9250777959823608,0.4876173734664917,0.5542746782302856,-0.7085705399513245,0.9198683500289917,0.6111663579940796,0.6522098779678345,0.10290119051933289,0.8723665475845337,0.488144189119339,0.6455152630805969,-0.03961260989308357,0.9484263062477112,0.5922972559928894,0.6534819006919861,0.16400885581970215,0.7460400462150574,0.497102290391922,0.6524136066436768,0.02533561922609806,0.8360934257507324,0.6356406211853027,0.6928212642669678,-0.0008391824667342007,0.8831793665885925,0.47562769055366516,0.6967699527740479,-0.17037175595760345,0.9383808374404907
151,0.7416289448738098,0.4432653784751892,-1.2303658723831177,0.9992397427558899,0.7545391321182251,0.43290284276008606,-1.2133654356002808,0.9988771080970764,0.7591930627822876,0.43258121609687805,-1.2132668495178223,0.9989478588104248,0.7638313174247742,0.43202275037765503,-1.2135039567947388,0.9989251494407654,0.7379948496818542,0.431183397769928,-1.230600118637085,0.9975956082344055,0.7301807999610901,0.4295230209827423,-1.2308801412582397,0.9968013763427734,0.7217064499855042,0.42752882838249207,-1.2309235334396362,0.9962754249572754,0.7651330232620239,0.42574647068977356,-0.9717832207679749,0.9989737868309021,0.6985751390457153,0.4212303161621094,-1.0555498600006104,0.9926220774650574,0.7379276752471924,0.4516553580760956,-1.1248066425323486,0.9993953704833984,0.7191910743713379,0.4498741924762726,-1.149487853050232,0.999004065990448,0.7738490700721741,0.4643307328224182,-0.7486075162887573,0.9998569488525391,0.5848101377487183,0.40192633867263794,-0.8343249559402466,0.9970616698265076,0.7702006101608276,0.5764453411102295,-0.7884818315505981,0.9854481220245361,0.4284442067146301,0.42126718163490295,-1.1052824258804321,0.9651769995689392,0.7707663774490356,0.6787390112876892,-0.951222836971283,0.9790669083595276,0.5665648579597473,0.4555891752243042,-1.4201306104660034,0.9305731058120728,0.7944622039794922,0.7006199955940247,-1.0065008401870728,0.9505163431167603,0.608937680721283,0.45815593004226685,-1.513071894645691,0.856954038143158,0.7719219326972961,0.7007535099983215,-1.0446245670318604,0.9534897208213806,0.6227120757102966,0.4514971077442169,-1.4731950759887695,0.8474012613296509,0.7567400336265564,0.6933320760726929,-0.969641923904419,0.940056324005127,0.6154668927192688,0.4512203335762024,-1.4094302654266357,0.7832213640213013,0.624617874622345,0.5187019109725952,0.03342859819531441,0.9990037083625793,0.5085759162902832,0.4924103617668152,-0.03367725387215614,0.9990931153297424,0.646538496017456,0.5666148662567139,-0.0854300707578659,0.926060676574707,0.4721449017524719,0.5577806234359741,-0.23699979484081268,0.9244472980499268,0.5920989513397217,0.6333028078079224,0.5718775391578674,0.8733059763908386,0.4735966920852661,0.6267706751823425,0.43033960461616516,0.9471791982650757,0.5717225074768066,0.6352114081382751,0.6324704885482788,0.728645920753479,0.48396819829940796,0.631138801574707,0.49488961696624756,0.8175513744354248,0.6096507906913757,0.6858022212982178,0.4515509009361267,0.8843932747840881,0.47492969036102295,0.693010687828064,0.3016846477985382,0.9376730918884277
152,0.758425772190094,0.44016262888908386,-1.264410138130188,0.9993094801902771,0.7714189887046814,0.42984500527381897,-1.2517865896224976,0.9989849328994751,0.776537299156189,0.42960843443870544,-1.2517532110214233,0.999047577381134,0.7815775871276855,0.4290548264980316,-1.2519994974136353,0.9990280270576477,0.7546923160552979,0.4279079735279083,-1.2676163911819458,0.9978297352790833,0.7468589544296265,0.42629069089889526,-1.267879605293274,0.9971131086349487,0.7388421297073364,0.42454394698143005,-1.2678873538970947,0.9966402053833008,0.7859677076339722,0.4221650958061218,-1.015009880065918,0.9990728497505188,0.7141455411911011,0.41390806436538696,-1.0902241468429565,0.9933508634567261,0.7541899681091309,0.4485102593898773,-1.1588749885559082,0.9994506239891052,0.7362855076789856,0.44830670952796936,-1.1812623739242554,0.9991000890731812,0.7869957685470581,0.46179720759391785,-0.7732329964637756,0.9998685121536255,0.6033838987350464,0.38569334149360657,-0.8326699137687683,0.9973440766334534,0.7744186520576477,0.5730100870132446,-0.7499418258666992,0.9860734343528748,0.4380851686000824,0.41426101326942444,-1.0229943990707397,0.967867910861969,0.7716394662857056,0.676385223865509,-0.8785642385482788,0.9790462255477905,0.5619342923164368,0.45533594489097595,-1.3391058444976807,0.9332704544067383,0.7941126227378845,0.7010065317153931,-0.9301026463508606,0.9485905766487122,0.5989920496940613,0.4623192846775055,-1.423836588859558,0.8595007658004761,0.7703571915626526,0.7013969421386719,-0.9701323509216309,0.9521468877792358,0.6200558543205261,0.4534911811351776,-1.4044415950775146,0.848917543888092,0.7576930522918701,0.6943150758743286,-0.8961039781570435,0.9383412599563599,0.6153233647346497,0.45384281873703003,-1.3363468647003174,0.7799291610717773,0.6271116137504578,0.5072989463806152,0.03437287360429764,0.9990681409835815,0.5159490704536438,0.47318795323371887,-0.03463108092546463,0.9991664290428162,0.6431758403778076,0.5632509589195251,0.2918187975883484,0.9147877097129822,0.4708634614944458,0.5458834171295166,0.2081700563430786,0.9268954992294312,0.5507326126098633,0.6191710829734802,0.8766317367553711,0.8667226433753967,0.4619963765144348,0.6097185611724854,0.7893592119216919,0.9456667304039001,0.5290671586990356,0.6189770102500916,0.9307836294174194,0.7119318842887878,0.46524614095687866,0.6154630184173584,0.8435776829719543,0.8055868744850159,0.5552909970283508,0.6720224618911743,0.7571919560432434,0.8838828206062317,0.4622567296028137,0.6700559854507446,0.6551027894020081,0.9379950761795044
153,0.7728052139282227,0.43858519196510315,-1.3629440069198608,0.9993710517883301,0.7873960733413696,0.42848116159439087,-1.3396661281585693,0.9990806579589844,0.7923501133918762,0.42821404337882996,-1.3397672176361084,0.9991353750228882,0.7971736788749695,0.42756661772727966,-1.3401786088943481,0.9991186857223511,0.7704082727432251,0.42626312375068665,-1.3566704988479614,0.9980320334434509,0.7617243528366089,0.42465919256210327,-1.356840968132019,0.9973785877227783,0.7528181672096252,0.4232276976108551,-1.3567804098129272,0.9969509840011597,0.802438497543335,0.42019134759902954,-1.0641210079193115,0.9991605877876282,0.7282731533050537,0.40881285071372986,-1.143466830253601,0.993983805179596,0.767292857170105,0.446919322013855,-1.2442710399627686,0.9995031356811523,0.7488648891448975,0.44719675183296204,-1.2677751779556274,0.9991861581802368,0.799760103225708,0.460428923368454,-0.802155613899231,0.9998792409896851,0.6129188537597656,0.37677714228630066,-0.8547511100769043,0.997536838054657,0.777807354927063,0.5761498808860779,-0.8395467400550842,0.9863006472587585,0.44328275322914124,0.4119133949279785,-1.047641634941101,0.9689797163009644,0.7702811360359192,0.6758788824081421,-1.0344380140304565,0.9772064685821533,0.5546237230300903,0.45752954483032227,-1.3678075075149536,0.931598424911499,0.7942274212837219,0.7049828767776489,-1.1005703210830688,0.9434517621994019,0.5843133330345154,0.4723151922225952,-1.4524331092834473,0.8559252023696899,0.771501362323761,0.7010858058929443,-1.1465518474578857,0.948065996170044,0.6034639477729797,0.46508827805519104,-1.4430500268936157,0.8442769646644592,0.7626472115516663,0.6924516558647156,-1.0562353134155273,0.9332749247550964,0.5996286869049072,0.45928794145584106,-1.367924690246582,0.7675235867500305,0.6358950734138489,0.5042856335639954,0.03143754228949547,0.9991501569747925,0.5260872840881348,0.46441060304641724,-0.031593456864356995,0.9992275238037109,0.6491571068763733,0.5467341542243958,-0.5788018107414246,0.9168766736984253,0.46845805644989014,0.5044602751731873,-0.12667222321033478,0.9280600547790527,0.5074570775032043,0.6139504313468933,-0.037128426134586334,0.871525228023529,0.4540802240371704,0.5983505249023438,0.20544534921646118,0.9465206861495972,0.482371062040329,0.6173449754714966,0.006072297692298889,0.722757875919342,0.4486275613307953,0.6057475805282593,0.2535735070705414,0.8005455732345581,0.49535754323005676,0.6612785458564758,-0.2963332235813141,0.8911735415458679,0.4275839328765869,0.649983823299408,0.058673419058322906,0.9395232796669006
154,0.7817472219467163,0.4377068281173706,-1.3708441257476807,0.9994237422943115,0.7983971834182739,0.4277164340019226,-1.346482753753662,0.9991631507873535,0.8043310046195984,0.427481085062027,-1.3465873003005981,0.9992104768753052,0.81015944480896,0.4267790913581848,-1.3470420837402344,0.9991967082023621,0.778948962688446,0.42529216408729553,-1.3603891134262085,0.9982049465179443,0.7699441909790039,0.42398151755332947,-1.3605165481567383,0.9976065158843994,0.7604786157608032,0.4224206209182739,-1.3604373931884766,0.9972211718559265,0.8179311752319336,0.4193533957004547,-1.0692625045776367,0.9992362856864929,0.7367048263549805,0.40328896045684814,-1.1319571733474731,0.9945453405380249,0.7771108150482178,0.4459838569164276,-1.2518147230148315,0.9995501041412354,0.7563018798828125,0.4455581307411194,-1.2702242136001587,0.9992636442184448,0.8082922101020813,0.4596268832683563,-0.7992629408836365,0.9998883605003357,0.6144330501556396,0.37379083037376404,-0.836800754070282,0.9976900219917297,0.7820336222648621,0.5774571895599365,-0.8318731188774109,0.9861411452293396,0.4415031373500824,0.41503000259399414,-0.9923660755157471,0.9702444076538086,0.7692520618438721,0.6757470965385437,-1.0442736148834229,0.9757550358772278,0.5514935851097107,0.46365728974342346,-1.2915719747543335,0.9332128167152405,0.797836422920227,0.710536003112793,-1.1113234758377075,0.9403179287910461,0.574527382850647,0.486612468957901,-1.3705569505691528,0.8579949736595154,0.783953845500946,0.7102183103561401,-1.1599271297454834,0.9460329413414001,0.596377968788147,0.4777083992958069,-1.368254542350769,0.8465400338172913,0.7623003721237183,0.6932916641235352,-1.0673984289169312,0.9310754537582397,0.5933255553245544,0.47006887197494507,-1.293182373046875,0.7676170468330383,0.6466811895370483,0.4983810782432556,0.029771285131573677,0.9992141723632812,0.5334956645965576,0.456598162651062,-0.029686400666832924,0.999273955821991,0.664523184299469,0.5368908047676086,-0.7829132080078125,0.920763373374939,0.4690845310688019,0.48406982421875,-0.736038088798523,0.9318293333053589,0.48168155550956726,0.6043075323104858,-0.19684603810310364,0.8776803016662598,0.43686583638191223,0.587084949016571,-0.16187210381031036,0.9489843845367432,0.4614439606666565,0.6041736006736755,-0.14891523122787476,0.7337493896484375,0.43140438199043274,0.5922932028770447,-0.11074406653642654,0.8033004403114319,0.45063191652297974,0.6455796957015991,-0.45082250237464905,0.8978634476661682,0.3993767201900482,0.6370818614959717,-0.3986598253250122,0.9425612688064575
155,0.794295608997345,0.4371539354324341,-1.4889943599700928,0.9994666576385498,0.8078497052192688,0.4271233379840851,-1.4600169658660889,0.9992325901985168,0.8130680918693542,0.42700475454330444,-1.4601558446884155,0.9992691874504089,0.8188989162445068,0.42645707726478577,-1.460660457611084,0.9992610812187195,0.7927725911140442,0.4247746765613556,-1.4770926237106323,0.9983540773391724,0.7853767275810242,0.4238836169242859,-1.477241039276123,0.9977895617485046,0.7759659886360168,0.42110875248908997,-1.4771636724472046,0.9974396228790283,0.8261977434158325,0.41863659024238586,-1.1514859199523926,0.9992930889129639,0.7455949783325195,0.40025991201400757,-1.227223515510559,0.9949682354927063,0.787322461605072,0.44539424777030945,-1.3580307960510254,0.9995912313461304,0.7670518755912781,0.4442848861217499,-1.3804445266723633,0.9993300437927246,0.8113415241241455,0.4608657956123352,-0.8381997346878052,0.9998963475227356,0.6211759448051453,0.37205246090888977,-0.9049215912818909,0.9977805018424988,0.78835529088974,0.5771051049232483,-0.8524269461631775,0.9860742092132568,0.4424690008163452,0.41327276825904846,-1.0300670862197876,0.9707775115966797,0.7688024640083313,0.6745928525924683,-1.0780009031295776,0.972865879535675,0.5466068387031555,0.4689384698867798,-1.344519019126892,0.9320990443229675,0.7981321215629578,0.7110239863395691,-1.1555120944976807,0.9346470236778259,0.5677753686904907,0.49191996455192566,-1.429673671722412,0.8583330512046814,0.7799847722053528,0.6996361613273621,-1.2134684324264526,0.9423211216926575,0.591742217540741,0.4859773814678192,-1.4470380544662476,0.8480876088142395,0.762928307056427,0.690352737903595,-1.1053497791290283,0.9272650480270386,0.584629476070404,0.47796204686164856,-1.354175329208374,0.7688635587692261,0.6440076231956482,0.5013535618782043,0.03052348457276821,0.9992762207984924,0.5290905833244324,0.4626655876636505,-0.030312085524201393,0.9992827773094177,0.6761834621429443,0.5307363867759705,-0.741393506526947,0.9235554337501526,0.4686383008956909,0.5002878308296204,-0.32650071382522583,0.9288341999053955,0.4736756682395935,0.6003122925758362,-0.2495960146188736,0.8839991092681885,0.4096516966819763,0.5879409313201904,0.3253987729549408,0.9452686309814453,0.44766753911972046,0.6001346707344055,-0.21104417741298676,0.7503753304481506,0.39926227927207947,0.5937495827674866,0.37986859679222107,0.7930265069007874,0.4444118142127991,0.6429363489151001,-0.5371358394622803,0.9053775072097778,0.3819643259048462,0.6321563124656677,0.09607909619808197,0.9392634034156799
156,0.805267870426178,0.437475323677063,-1.3282548189163208,0.9995128512382507,0.8185010552406311,0.42781177163124084,-1.2999775409698486,0.9993007779121399,0.8232869505882263,0.42785924673080444,-1.3000692129135132,0.9993316531181335,0.8284852504730225,0.4274614751338959,-1.3004920482635498,0.9993254542350769,0.8037641644477844,0.42469078302383423,-1.3168163299560547,0.9985014796257019,0.7959950566291809,0.4232082962989807,-1.316949486732483,0.9979850053787231,0.7865356802940369,0.42068538069725037,-1.316849946975708,0.9976677298545837,0.8324137330055237,0.41926220059394836,-1.0199947357177734,0.9993542432785034,0.7565716505050659,0.40058633685112,-1.0957127809524536,0.9954364895820618,0.7969586253166199,0.4454494118690491,-1.2101460695266724,0.9996300339698792,0.7772935032844543,0.44353705644607544,-1.2324910163879395,0.9993943572044373,0.8146494626998901,0.4645289182662964,-0.7429306507110596,0.9999030828475952,0.6242341995239258,0.37131044268608093,-0.806627094745636,0.9979416728019714,0.7891792058944702,0.5801316499710083,-0.7512757182121277,0.9863588809967041,0.4414442777633667,0.4109695851802826,-0.8767895102500916,0.9723681211471558,0.7681411504745483,0.6741308569908142,-1.0472052097320557,0.9727440476417542,0.5138305425643921,0.4693675637245178,-1.1031126976013184,0.9353824853897095,0.792182445526123,0.7009333372116089,-1.068566083908081,0.9345689415931702,0.5258767604827881,0.49330848455429077,-1.1684156656265259,0.8650883436203003,0.7777857184410095,0.6990717053413391,-1.0672107934951782,0.9430044889450073,0.5536481738090515,0.4880281984806061,-1.2011454105377197,0.8561598062515259,0.7632157206535339,0.6900317668914795,-1.0139003992080688,0.9290054440498352,0.5523499250411987,0.47948402166366577,-1.1157208681106567,0.7813165783882141,0.6442552208900452,0.5001813173294067,0.03570118173956871,0.9993258714675903,0.5278444886207581,0.4590478241443634,-0.03540831804275513,0.9993110299110413,0.6892411112785339,0.5297844409942627,-0.7489895224571228,0.9265007972717285,0.47547832131385803,0.49214616417884827,-0.5363103747367859,0.932602047920227,0.45936504006385803,0.599169135093689,-0.32365256547927856,0.8897661566734314,0.3931989371776581,0.5885196328163147,-0.029212720692157745,0.9477142691612244,0.430440217256546,0.6000778079032898,-0.2909810245037079,0.7677708268165588,0.37679943442344666,0.5956009030342102,0.011365886777639389,0.8032524585723877,0.43627360463142395,0.6426726579666138,-0.583240807056427,0.9117832779884338,0.36866429448127747,0.6304683089256287,-0.2728443145751953,0.9419305920600891
157,0.81642746925354,0.4394347071647644,-1.2883425951004028,0.9995535016059875,0.8297106027603149,0.42969608306884766,-1.2452665567398071,0.9993604421615601,0.8336064219474792,0.4297862648963928,-1.2457109689712524,0.9993849992752075,0.8377949595451355,0.42944660782814026,-1.2464861869812012,0.999380350112915,0.8164814710617065,0.4257200062274933,-1.3092762231826782,0.9986327290534973,0.8088794350624084,0.42334309220314026,-1.3092687129974365,0.9981603622436523,0.7995811700820923,0.4204406142234802,-1.3091511726379395,0.9978756904602051,0.8381009697914124,0.42067867517471313,-0.9601503610610962,0.999407172203064,0.770251452922821,0.40100982785224915,-1.0406185388565063,0.9958605170249939,0.806035041809082,0.4468081295490265,-1.1674753427505493,0.9996646642684937,0.7868807911872864,0.44339048862457275,-1.2077513933181763,0.9994523525238037,0.8203358054161072,0.46856990456581116,-0.6589687466621399,0.9999052882194519,0.6330822110176086,0.37069156765937805,-0.7739218473434448,0.9981094598770142,0.7873440980911255,0.5831794738769531,-0.6181695461273193,0.9863678812980652,0.4410610795021057,0.40966516733169556,-0.818653404712677,0.9744170308113098,0.7679442763328552,0.6779823303222656,-0.8232587575912476,0.9721474647521973,0.502118706703186,0.47544652223587036,-1.0452070236206055,0.9402340054512024,0.7933553457260132,0.7106174230575562,-0.8790190815925598,0.933743417263031,0.513794481754303,0.49983495473861694,-1.112574815750122,0.8748800158500671,0.7769929766654968,0.6986537575721741,-0.9359597563743591,0.9428094625473022,0.5359548926353455,0.4957675039768219,-1.1447980403900146,0.8670533895492554,0.7642773389816284,0.6909586191177368,-0.8461006879806519,0.9297102689743042,0.5383878350257874,0.48858213424682617,-1.0582994222640991,0.797859787940979,0.6432130336761475,0.5045042634010315,0.03976860269904137,0.999285101890564,0.527120053768158,0.4644976556301117,-0.0394427515566349,0.9992960095405579,0.7096709609031677,0.5297162532806396,-0.6969006657600403,0.9292060732841492,0.4783569872379303,0.49682945013046265,-0.5780579447746277,0.9366804361343384,0.46029049158096313,0.6019027233123779,-0.3294062614440918,0.8917008638381958,0.38582712411880493,0.5961233377456665,-0.15012966096401215,0.9491790533065796,0.426952600479126,0.6025822758674622,-0.30099815130233765,0.7799438238143921,0.3645637035369873,0.6044325232505798,-0.1138000339269638,0.8124735355377197,0.44130679965019226,0.6466993093490601,-0.5524771213531494,0.9147132039070129,0.36725983023643494,0.6384329199790955,-0.35791531205177307,0.9428386092185974
158,0.8231974244117737,0.44208088517189026,-1.1253564357757568,0.9995837211608887,0.838962197303772,0.4320150911808014,-1.1030480861663818,0.9994106292724609,0.8435801267623901,0.43194782733917236,-1.1032099723815918,0.9994290471076965,0.8484519720077515,0.4313826262950897,-1.1036858558654785,0.9994257688522339,0.8233185410499573,0.4274854063987732,-1.1294454336166382,0.998742401599884,0.8144353032112122,0.42434826493263245,-1.129518985748291,0.9983064532279968,0.8037341833114624,0.42081418633461,-1.1293795108795166,0.9980477690696716,0.8522982597351074,0.42200174927711487,-0.8577131032943726,0.9994513988494873,0.7762566208839417,0.40133026242256165,-0.9556988477706909,0.9962360858917236,0.8143398761749268,0.4489216208457947,-1.0190938711166382,0.99969482421875,0.7930455803871155,0.4448537230491638,-1.0493348836898804,0.9995037913322449,0.8294417858123779,0.47399359941482544,-0.5916229486465454,0.9999088644981384,0.645154595375061,0.36866262555122375,-0.7003000974655151,0.9982600212097168,0.7879858613014221,0.5851587057113647,-0.546177327632904,0.9864022731781006,0.446661114692688,0.40482816100120544,-0.7262170910835266,0.975690484046936,0.767625629901886,0.6791341304779053,-0.7028336524963379,0.9730057120323181,0.4913524389266968,0.47516685724258423,-0.9134710431098938,0.9434106945991516,0.7912513017654419,0.7037131190299988,-0.7524380087852478,0.93580561876297,0.49611154198646545,0.5042998790740967,-0.9693189859390259,0.8812146186828613,0.7776411771774292,0.6996585130691528,-0.8087992072105408,0.9449978470802307,0.5182104110717773,0.5004944205284119,-1.0051820278167725,0.8748443126678467,0.7650337219238281,0.6920545101165771,-0.7276522517204285,0.9330162405967712,0.5246096849441528,0.4933583438396454,-0.9274312853813171,0.8111696839332581,0.6435068249702454,0.5036712288856506,0.04367520660161972,0.999224066734314,0.5303186178207397,0.4611012637615204,-0.043266866356134415,0.999280571937561,0.7133507132530212,0.5324819684028625,-0.6319228410720825,0.9284789562225342,0.5095842480659485,0.48283541202545166,-0.7684129476547241,0.9403145909309387,0.45725923776626587,0.6028380990028381,-0.3844529986381531,0.889962375164032,0.3847387135028839,0.600375771522522,-0.5012310147285461,0.9500716924667358,0.4114294946193695,0.606983482837677,-0.3678669333457947,0.7898209095001221,0.3586865961551666,0.6063941717147827,-0.47724777460098267,0.8219519853591919,0.45698031783103943,0.6567015051841736,-0.6012181043624878,0.9138774275779724,0.366534024477005,0.650737464427948,-0.7180178165435791,0.9437263607978821
159,0.8305742144584656,0.4431268572807312,-1.2368271350860596,0.999618649482727,0.847588837146759,0.43299323320388794,-1.2111703157424927,0.9994636178016663,0.8519461750984192,0.43291935324668884,-1.21134614944458,0.9994785785675049,0.8565207123756409,0.43236345052719116,-1.2118556499481201,0.9994769096374512,0.8317604660987854,0.4280637502670288,-1.230772614479065,0.9988564252853394,0.8225404024124146,0.4245011508464813,-1.2308470010757446,0.9984579086303711,0.8120620250701904,0.4206670820713043,-1.2307052612304688,0.9982270002365112,0.8606745600700378,0.42217138409614563,-0.9361085891723633,0.9994997978210449,0.7884534001350403,0.4008929133415222,-1.0214269161224365,0.9965956807136536,0.8205564022064209,0.4497419595718384,-1.1190061569213867,0.9997239112854004,0.7993301749229431,0.4450048804283142,-1.1438641548156738,0.9995520114898682,0.8384895920753479,0.4759104549884796,-0.6257720589637756,0.9999162554740906,0.6571510434150696,0.3669095039367676,-0.7039505243301392,0.9984195828437805,0.7909935116767883,0.5837838649749756,-0.5484225749969482,0.9869636297225952,0.45522409677505493,0.39735135436058044,-0.6426309943199158,0.9772804379463196,0.7679769396781921,0.6761159896850586,-0.6817837953567505,0.9742260575294495,0.4663240611553192,0.4743705987930298,-0.7454887628555298,0.9464199542999268,0.7898722290992737,0.7017652988433838,-0.7294886708259583,0.9388232231140137,0.45932865142822266,0.4996567368507385,-0.7872288227081299,0.8870819211006165,0.7776517271995544,0.6994845867156982,-0.7945243120193481,0.9478551745414734,0.48700252175331116,0.5008533000946045,-0.8421581983566284,0.8820797204971313,0.7655426859855652,0.6910898089408875,-0.7086325287818909,0.9367709755897522,0.49484771490097046,0.49284854531288147,-0.7644558548927307,0.8238561153411865,0.6461069583892822,0.5020376443862915,0.057731468230485916,0.9992607831954956,0.5354906916618347,0.45884963870048523,-0.05712593346834183,0.9993050694465637,0.7116681933403015,0.543017566204071,-0.6500838398933411,0.9311538934707642,0.5136094689369202,0.49478957056999207,-0.7736376523971558,0.9445772171020508,0.4642076790332794,0.6288558840751648,-0.3600464463233948,0.8930491805076599,0.3921869695186615,0.6307096481323242,-0.4870360195636749,0.9526875615119934,0.4147433340549469,0.6371492147445679,-0.3400859832763672,0.8016011118888855,0.36067089438438416,0.640437126159668,-0.46418899297714233,0.8315373063087463,0.46445488929748535,0.6872208714485168,-0.5890482664108276,0.9165561199188232,0.37864986062049866,0.6933982968330383,-0.729232907295227,0.9466216564178467
160,0.8461156487464905,0.44401323795318604,-1.2781473398208618,0.9996375441551208,0.8624990582466125,0.43400558829307556,-1.2524025440216064,0.9995012879371643,0.8666941523551941,0.43407490849494934,-1.2525776624679565,0.9995113015174866,0.8709296584129333,0.43372663855552673,-1.2531098127365112,0.9995141625404358,0.8472453355789185,0.42883768677711487,-1.2713478803634644,0.9989410042762756,0.8387019038200378,0.42504796385765076,-1.2714229822158813,0.9985672831535339,0.8287808299064636,0.42090871930122375,-1.2712717056274414,0.9983649253845215,0.8727698922157288,0.42421966791152954,-0.9783154726028442,0.9995344281196594,0.8041152954101562,0.40102890133857727,-1.0612413883209229,0.996895968914032,0.8353522419929504,0.45081037282943726,-1.161183476448059,0.999748170375824,0.8156421780586243,0.44604310393333435,-1.1851279735565186,0.9995934367179871,0.8481828570365906,0.478201299905777,-0.6599885821342468,0.9999231696128845,0.6624084711074829,0.3706221282482147,-0.7466112375259399,0.9985600113868713,0.7936855554580688,0.5844090580940247,-0.600105881690979,0.9876682758331299,0.4555399715900421,0.3950307071208954,-0.6784937977790833,0.9788315296173096,0.7685940861701965,0.6751425266265869,-0.7559162378311157,0.9757398962974548,0.44910264015197754,0.4745078980922699,-0.7911088466644287,0.9496137499809265,0.7898133397102356,0.7043954133987427,-0.8105820417404175,0.942493736743927,0.4295634627342224,0.49776050448417664,-0.838141143321991,0.8935475945472717,0.7785581946372986,0.7003049254417419,-0.8690435886383057,0.9511657357215881,0.4596787095069885,0.5051201581954956,-0.8929039239883423,0.8896422982215881,0.7659079432487488,0.6902984976768494,-0.781980574131012,0.9408543109893799,0.4693699777126312,0.49560266733169556,-0.8109257221221924,0.8364549279212952,0.650139570236206,0.5037657618522644,0.05849946290254593,0.9992877244949341,0.540188729763031,0.46111586689949036,-0.05782964825630188,0.9993148446083069,0.7073946595191956,0.55866938829422,-0.6684492230415344,0.9337517023086548,0.5330663919448853,0.5086793899536133,-0.7643800973892212,0.9481262564659119,0.4640524685382843,0.6606130599975586,-0.3541722297668457,0.8959110975265503,0.400666207075119,0.653041660785675,-0.4261394143104553,0.9539989233016968,0.42140334844589233,0.6680854558944702,-0.33191874623298645,0.8106134533882141,0.37096163630485535,0.6637806296348572,-0.39770403504371643,0.8386735916137695,0.4520043134689331,0.7171912789344788,-0.5925277471542358,0.9178754091262817,0.3831520676612854,0.7092489004135132,-0.6646479368209839,0.9476791024208069
161,0.866915225982666,0.44573041796684265,-1.281578540802002,0.9996466636657715,0.883936882019043,0.4348835051059723,-1.2553495168685913,0.9995297789573669,0.8889832496643066,0.4347168803215027,-1.2556008100509644,0.9995331168174744,0.8939450979232788,0.4341084063053131,-1.256162405014038,0.9995416402816772,0.8666771054267883,0.4300250709056854,-1.2793428897857666,0.9989977478981018,0.8579331636428833,0.4260558784008026,-1.2794084548950195,0.9986254572868347,0.8476952910423279,0.42156803607940674,-1.2792840003967285,0.9984559416770935,0.8943521976470947,0.4244499206542969,-0.9714414477348328,0.9995610117912292,0.8232406973838806,0.4021214544773102,-1.0745224952697754,0.9971429705619812,0.857422411441803,0.4527898132801056,-1.1592811346054077,0.9997704029083252,0.836271345615387,0.4488193392753601,-1.189289927482605,0.9996309280395508,0.8619850873947144,0.48301219940185547,-0.6525927782058716,0.999930202960968,0.6757903099060059,0.37368422746658325,-0.7762019038200378,0.9986812472343445,0.7982061505317688,0.5845224857330322,-0.5949404239654541,0.9879868030548096,0.46791335940361023,0.3962151110172272,-0.7181673645973206,0.9799246191978455,0.7712358832359314,0.6730477809906006,-0.7821073532104492,0.9768485426902771,0.41241753101348877,0.46701908111572266,-0.8079863786697388,0.9505051374435425,0.7869523167610168,0.703294575214386,-0.8313808441162109,0.9454303979873657,0.3799239695072174,0.4938511550426483,-0.8518263101577759,0.8959290385246277,0.7782304883003235,0.6987306475639343,-0.9042863249778748,0.9538550972938538,0.40697482228279114,0.49869245290756226,-0.9222027659416199,0.8934284448623657,0.7675498127937317,0.6881042122840881,-0.7995325326919556,0.9441840648651123,0.42112013697624207,0.490980327129364,-0.8333971500396729,0.8452176451683044,0.6466113328933716,0.5052476525306702,0.06834695488214493,0.9993349313735962,0.5375792384147644,0.4650824964046478,-0.06751296669244766,0.9993202686309814,0.7106568217277527,0.5741629004478455,-0.7094083428382874,0.9379789233207703,0.5690204501152039,0.5232921838760376,-0.8511152863502502,0.9521476626396179,0.4714770019054413,0.6969917416572571,-0.4857480525970459,0.9017422795295715,0.40705737471580505,0.6903589367866516,-0.543073296546936,0.9565874934196472,0.42637357115745544,0.7041997313499451,-0.4735773801803589,0.8221777081489563,0.37603986263275146,0.7020941376686096,-0.5155773162841797,0.8501925468444824,0.4619631767272949,0.7557413578033447,-0.766096830368042,0.9215206503868103,0.40202727913856506,0.7528983950614929,-0.7994459867477417,0.9504050612449646
162,0.8827274441719055,0.4490535855293274,-1.441550850868225,0.9996663928031921,0.9004991054534912,0.4365280866622925,-1.4105474948883057,0.9995530843734741,0.9057808518409729,0.4360867738723755,-1.4107909202575684,0.9995424747467041,0.9108725190162659,0.43529507517814636,-1.4112855195999146,0.9995590448379517,0.8807990550994873,0.43232011795043945,-1.439279317855835,0.9990661144256592,0.8707476258277893,0.42828133702278137,-1.4393994808197021,0.9987009763717651,0.8594004511833191,0.42353588342666626,-1.439410924911499,0.9985722303390503,0.9093914031982422,0.42544060945510864,-1.0992573499679565,0.9995628595352173,0.8339415788650513,0.40528538823127747,-1.223876714706421,0.9973847270011902,0.8742328882217407,0.45741090178489685,-1.3088659048080444,0.9997907280921936,0.8516785502433777,0.4530758857727051,-1.3449492454528809,0.9996660947799683,0.8742877244949341,0.48663046956062317,-0.7343319058418274,0.9999362230300903,0.6857640743255615,0.3753170073032379,-0.9384084343910217,0.9988067150115967,0.7996243238449097,0.5834806561470032,-0.6399279236793518,0.9866361618041992,0.46755969524383545,0.399048775434494,-1.0008301734924316,0.9816697239875793,0.7728412747383118,0.6720660924911499,-0.8518176674842834,0.9764919877052307,0.38328567147254944,0.4763839542865753,-1.146161675453186,0.9544515013694763,0.7844621539115906,0.7013913989067078,-0.9197387099266052,0.9465652108192444,0.3452495336532593,0.50063556432724,-1.2227474451065063,0.9033980965614319,0.7779035568237305,0.6975339651107788,-1.001716136932373,0.9550637602806091,0.3711977005004883,0.5124722123146057,-1.2836556434631348,0.9014245867729187,0.768247127532959,0.6855676174163818,-0.8870672583580017,0.9458743929862976,0.3856163024902344,0.507756769657135,-1.1711839437484741,0.8576372265815735,0.6454195380210876,0.5140050649642944,0.07826651632785797,0.999360203742981,0.5352137684822083,0.46775200963020325,-0.07746507972478867,0.999319314956665,0.7081431746482849,0.5945637822151184,-0.7703985571861267,0.9406531453132629,0.559786856174469,0.5535116195678711,-0.9582982063293457,0.9557092785835266,0.4842314124107361,0.7272355556488037,-0.4621998965740204,0.9055249094963074,0.4141193628311157,0.7150742411613464,-0.5610623359680176,0.9594087600708008,0.4453880190849304,0.7480328679084778,-0.4427183270454407,0.8288522958755493,0.38486263155937195,0.7323806285858154,-0.5258435010910034,0.8612216114997864,0.4845450520515442,0.8031526803970337,-0.7471752166748047,0.9235840439796448,0.4263294041156769,0.7986993789672852,-0.8273047804832458,0.9531979560852051
163,0.8905540108680725,0.45505908131599426,-1.4614287614822388,0.9996655583381653,0.9060165882110596,0.4408443570137024,-1.430283546447754,0.9995582103729248,0.91117262840271,0.4401424825191498,-1.4305516481399536,0.999518632888794,0.9165199995040894,0.4390780031681061,-1.4310142993927002,0.9995579123497009,0.8881148099899292,0.43692687153816223,-1.4645215272903442,0.9991111755371094,0.8788354992866516,0.43286946415901184,-1.4646655321121216,0.9987232089042664,0.8680576682090759,0.428196519613266,-1.4647331237792969,0.9986600875854492,0.9134455323219299,0.4285673201084137,-1.111938238143921,0.9995452761650085,0.8417528867721558,0.4122758209705353,-1.2580922842025757,0.9975767135620117,0.8827328085899353,0.4639029800891876,-1.3241735696792603,0.999808132648468,0.8607373833656311,0.45981699228286743,-1.366707444190979,0.9996973872184753,0.8828400373458862,0.48895394802093506,-0.7289255857467651,0.9999414086341858,0.6921314597129822,0.38289472460746765,-0.9957671165466309,0.9989200234413147,0.8041081428527832,0.5822207927703857,-0.6191837191581726,0.98406982421875,0.46634766459465027,0.4015243649482727,-1.060219645500183,0.9833111763000488,0.7751815915107727,0.6700674295425415,-0.8278606534004211,0.9742627739906311,0.3496764302253723,0.48199662566185,-1.195651888847351,0.9579881429672241,0.7835697531700134,0.6954492330551147,-0.8955332636833191,0.94481360912323,0.3044207692146301,0.5055994391441345,-1.2733920812606812,0.909821629524231,0.779443085193634,0.6899325251579285,-0.9744936227798462,0.9538097381591797,0.3279481828212738,0.5209617018699646,-1.339804768562317,0.9083699584007263,0.7711201310157776,0.6778417825698853,-0.8778204321861267,0.9445356130599976,0.3438846170902252,0.5168493390083313,-1.222258448600769,0.8687313795089722,0.6293885111808777,0.5252041220664978,0.11064289510250092,0.9993261694908142,0.5228084921836853,0.48724281787872314,-0.11003685742616653,0.9991042017936707,0.7073808908462524,0.6271795630455017,-0.6638856530189514,0.9385721683502197,0.5706108808517456,0.6003760099411011,-0.813843309879303,0.9567981362342834,0.5076913237571716,0.7719870805740356,-0.4164360463619232,0.899106502532959,0.4318946599960327,0.7741988897323608,-0.5310060381889343,0.9597123265266418,0.4492996037006378,0.7887479066848755,-0.4070482552051544,0.8180056214332581,0.3897349238395691,0.7892166376113892,-0.5071727633476257,0.8651136755943298,0.5321590900421143,0.8516961932182312,-0.7013143301010132,0.9169299006462097,0.4972279965877533,0.8494821786880493,-0.7982680797576904,0.9531946182250977
164,0.8964470624923706,0.46363571286201477,-1.3851044178009033,0.9996584057807922,0.9132172465324402,0.4488019049167633,-1.353240728378296,0.999562680721283,0.9190667867660522,0.44787755608558655,-1.3534609079360962,0.9994933009147644,0.9251142144203186,0.4465225040912628,-1.3539098501205444,0.9995516538619995,0.8931549787521362,0.44519394636154175,-1.38904869556427,0.9991649985313416,0.8826497197151184,0.44125398993492126,-1.3892701864242554,0.9987858533859253,0.870559573173523,0.43657130002975464,-1.3893511295318604,0.9987592697143555,0.9239603281021118,0.436223566532135,-1.0478087663650513,0.9995099306106567,0.8445359468460083,0.42007601261138916,-1.2016527652740479,0.9977872967720032,0.8895085453987122,0.4735126793384552,-1.2530903816223145,0.9998217225074768,0.8649930953979492,0.4685027003288269,-1.2982426881790161,0.9997251629829407,0.8956222534179688,0.49380767345428467,-0.6454327702522278,0.999944806098938,0.6897971034049988,0.39979827404022217,-0.9696967005729675,0.9990224242210388,0.805400550365448,0.5820935368537903,-0.35271480679512024,0.9731911420822144,0.4695914089679718,0.40513068437576294,-0.9816981554031372,0.9847295880317688,0.7765963077545166,0.6687545776367188,-0.33213865756988525,0.967442512512207,0.3302467167377472,0.49070850014686584,-1.0516302585601807,0.9608383774757385,0.7838935852050781,0.6946713924407959,-0.3346358835697174,0.9373473525047302,0.28152182698249817,0.5091097354888916,-1.1034643650054932,0.9151589274406433,0.7861872315406799,0.6898574233055115,-0.42449459433555603,0.9472562074661255,0.30534106492996216,0.5270301699638367,-1.2119202613830566,0.9142442345619202,0.777288019657135,0.6778332591056824,-0.3638267517089844,0.938163697719574,0.32138171792030334,0.5242434144020081,-1.0879113674163818,0.8788903951644897,0.6366267204284668,0.5503047108650208,0.1269460767507553,0.9992910623550415,0.5228045582771301,0.5128602981567383,-0.12642928957939148,0.9989490509033203,0.6899190545082092,0.6733738780021667,-0.38788148760795593,0.932844340801239,0.5599737763404846,0.6396359801292419,-0.6575065851211548,0.9562218189239502,0.5105372071266174,0.8325936794281006,-0.34092965722084045,0.8909745216369629,0.4447416067123413,0.8285514116287231,-0.45474714040756226,0.958912193775177,0.45108112692832947,0.8477678894996643,-0.33876270055770874,0.8031530380249023,0.3955681025981903,0.8472673892974854,-0.4378424286842346,0.8667076826095581,0.5437344312667847,0.890098512172699,-0.6144352555274963,0.9067674279212952,0.5106887817382812,0.9025041460990906,-0.710475742816925,0.9518004655838013
165,0.9038833975791931,0.4712851345539093,-1.3428949117660522,0.9996428489685059,0.9182247519493103,0.45474672317504883,-1.3147072792053223,0.9995487332344055,0.9235549569129944,0.4538051187992096,-1.3148705959320068,0.9994582533836365,0.9292396306991577,0.45236140489578247,-1.315315842628479,0.9995326995849609,0.8980013132095337,0.45102712512016296,-1.3438903093338013,0.9991973638534546,0.8870691657066345,0.4470934569835663,-1.3441011905670166,0.9988304376602173,0.8753300309181213,0.4426513910293579,-1.3441708087921143,0.9988345503807068,0.9262043237686157,0.441010057926178,-1.0261578559875488,0.9994833469390869,0.8498035073280334,0.4272436499595642,-1.1805860996246338,0.9979787468910217,0.8960683345794678,0.4808129668235779,-1.219475507736206,0.9998310804367065,0.8712184429168701,0.4765222370624542,-1.255949854850769,0.9997490048408508,0.9072328209877014,0.49359366297721863,-0.6226415634155273,0.9999486804008484,0.6884205341339111,0.412383496761322,-0.9602639675140381,0.9991136193275452,0.8124499320983887,0.5814358592033386,-0.26689329743385315,0.9598599076271057,0.4693968594074249,0.41982194781303406,-0.9676579236984253,0.9860346913337708,0.7834862470626831,0.6571304798126221,-0.17176033556461334,0.9614690542221069,0.32458239793777466,0.49827346205711365,-0.9968708157539368,0.9633728861808777,0.7852457165718079,0.6844785213470459,-0.15895435214042664,0.9308069348335266,0.27478450536727905,0.5176582336425781,-1.0400855541229248,0.919782817363739,0.7892584204673767,0.6854099631309509,-0.24205070734024048,0.9414702653884888,0.2955634295940399,0.5347177982330322,-1.1255828142166138,0.9193831086158752,0.7825548052787781,0.6749652028083801,-0.19851155579090118,0.9319049119949341,0.3130009174346924,0.5314725637435913,-1.0274194478988647,0.8878167271614075,0.6455681920051575,0.5720967650413513,0.11643180251121521,0.9992084503173828,0.5234576463699341,0.5363562107086182,-0.11600790917873383,0.9986278414726257,0.6817213892936707,0.714381992816925,-0.29104501008987427,0.9268200993537903,0.5543270707130432,0.6817125678062439,-0.5540995001792908,0.9517319798469543,0.5459265112876892,0.8753553628921509,-0.18984727561473846,0.8811235427856445,0.4431287944316864,0.8610343933105469,-0.3824412226676941,0.9532337188720703,0.48572489619255066,0.8896768093109131,-0.19493353366851807,0.7746860384941101,0.39644962549209595,0.8763540387153625,-0.3530379831790924,0.8591930866241455,0.5526614785194397,0.940475344657898,-0.4599137306213379,0.8907198905944824,0.492363303899765,0.9447498917579651,-0.6290956735610962,0.9453582167625427
166,0.8981196284294128,0.4830154478549957,-1.351737380027771,0.9995766878128052,0.9129364490509033,0.4656980633735657,-1.3314199447631836,0.9994736313819885,0.9192299842834473,0.46456992626190186,-1.331568717956543,0.9993422031402588,0.9258866906166077,0.46301427483558655,-1.3319746255874634,0.9994377493858337,0.890758752822876,0.46265146136283875,-1.370043396949768,0.9991950392723083,0.8799691796302795,0.4590679407119751,-1.370367169380188,0.9988338947296143,0.8689886927604675,0.4548339247703552,-1.3705880641937256,0.998874843120575,0.9246147871017456,0.4538658559322357,-1.0511504411697388,0.9993608593940735,0.845323383808136,0.438822865486145,-1.2223607301712036,0.9981361031532288,0.8926926255226135,0.49107828736305237,-1.226053237915039,0.9998194575309753,0.8679856061935425,0.4870224893093109,-1.2744253873825073,0.9997642040252686,0.9152235388755798,0.5006573796272278,-0.627046525478363,0.9999479651451111,0.6821063160896301,0.4327203929424286,-0.9972532987594604,0.9991945028305054,0.8230441212654114,0.5813566446304321,-0.17076075077056885,0.9346181750297546,0.46707817912101746,0.43891027569770813,-0.9794219136238098,0.9872678518295288,0.7907727956771851,0.6491506695747375,0.0314914733171463,0.952762246131897,0.31767958402633667,0.5052403211593628,-0.9579843282699585,0.9659197926521301,0.7890321612358093,0.6784263849258423,0.06725236028432846,0.921217143535614,0.26849889755249023,0.5236066579818726,-0.9898363947868347,0.9243809580802917,0.7906344532966614,0.6795510649681091,-0.015809688717126846,0.9329100847244263,0.2882220447063446,0.5402775406837463,-1.0675562620162964,0.9244362711906433,0.7850759029388428,0.6676427721977234,0.00927337259054184,0.9230728149414062,0.3051559627056122,0.5359298586845398,-0.9836888909339905,0.8963448405265808,0.6532124280929565,0.5934801697731018,0.1260679066181183,0.9988863468170166,0.5242700576782227,0.5673413872718811,-0.12562744319438934,0.9979730844497681,0.6773855686187744,0.7596980929374695,-0.168617382645607,0.9176505208015442,0.5482420921325684,0.7318430542945862,-0.461124449968338,0.9486938714981079,0.5805956721305847,0.9220503568649292,-0.10688895732164383,0.8677352070808411,0.4465297758579254,0.9149752855300903,-0.36067506670951843,0.9495571255683899,0.53067946434021,0.9362608194351196,-0.11564889550209045,0.7472724318504333,0.39998605847358704,0.9330259561538696,-0.3292829096317291,0.8556627631187439,0.5953919291496277,0.9953005909919739,-0.3678547143936157,0.8705008625984192,0.4970056116580963,0.9946891665458679,-0.6252639293670654,0.9398823976516724
167,0.9137134552001953,0.4960491955280304,-1.292513370513916,0.9994300603866577,0.9240467548370361,0.4773455560207367,-1.287869930267334,0.9993239045143127,0.9293089509010315,0.4752291142940521,-1.2878674268722534,0.9991871118545532,0.9349940419197083,0.47260719537734985,-1.2883065938949585,0.9992871880531311,0.901658833026886,0.47704264521598816,-1.3510313034057617,0.9991196990013123,0.8895681500434875,0.4742916226387024,-1.3517603874206543,0.9987091422080994,0.8770368695259094,0.4705202281475067,-1.352297067642212,0.9987419843673706,0.9235612154006958,0.46521902084350586,-1.0348713397979736,0.999159574508667,0.8447086215019226,0.45707130432128906,-1.2179555892944336,0.9981566071510315,0.9073961973190308,0.5040292143821716,-1.1859031915664673,0.9997462034225464,0.8824030160903931,0.502510130405426,-1.2655431032180786,0.9997220635414124,0.91948002576828,0.5094861388206482,-0.6651084423065186,0.9999438524246216,0.6758210062980652,0.45917245745658875,-0.9819247722625732,0.9991950392723083,0.8297712206840515,0.5759907364845276,-0.26621684432029724,0.9137763977050781,0.4639691710472107,0.4615349769592285,-0.8017137050628662,0.9873716235160828,0.7948181629180908,0.6476441025733948,-0.038871265947818756,0.9474999308586121,0.3140174150466919,0.5221771001815796,-0.4797256588935852,0.9610055685043335,0.7937316298484802,0.6750239133834839,0.004390392918139696,0.9145652651786804,0.2728120982646942,0.5405593514442444,-0.44437217712402344,0.9152806997299194,0.7923545241355896,0.6750209331512451,-0.06583763659000397,0.9268268942832947,0.29564663767814636,0.5517723560333252,-0.5051996111869812,0.9168102741241455,0.7864591479301453,0.6628382802009583,-0.052818577736616135,0.9157941341400146,0.3114607632160187,0.5462260842323303,-0.4899328649044037,0.8929023146629333,0.6667965650558472,0.6202622652053833,0.11229190975427628,0.9966354966163635,0.5224159359931946,0.6156055927276611,-0.11195120215415955,0.9945429563522339,0.6784215569496155,0.8095027804374695,-0.15822438895702362,0.9085080027580261,0.5051442980766296,0.8096300959587097,-0.4260287880897522,0.9359340071678162,0.6275479793548584,0.9666883945465088,-0.011626393534243107,0.8403388261795044,0.4808914065361023,0.9724235534667969,-0.11752196401357651,0.9038881063461304,0.5995903015136719,0.9773494005203247,-0.005515194032341242,0.7107884883880615,0.47385722398757935,0.9861823320388794,-0.08148331940174103,0.8086597323417664,0.6308097243309021,1.012405276298523,-0.1906934678554535,0.828545093536377,0.5032667517662048,1.04857337474823,-0.2241068333387375,0.886478066444397
168,0.89357590675354,0.5241169333457947,-1.1008548736572266,0.9991837739944458,0.9069642424583435,0.5076743364334106,-1.1045712232589722,0.9991388320922852,0.9128122925758362,0.5061998963356018,-1.1045969724655151,0.9989645481109619,0.9190281629562378,0.504011869430542,-1.105103611946106,0.999110996723175,0.8847144246101379,0.5046669840812683,-1.1428214311599731,0.9989928007125854,0.8735498189926147,0.5004509687423706,-1.14311683177948,0.9984755516052246,0.8618634343147278,0.49550002813339233,-1.1431663036346436,0.9985331892967224,0.9136789441108704,0.4906028211116791,-0.9133988618850708,0.9988997578620911,0.8324140906333923,0.4770950675010681,-1.076613187789917,0.9981997013092041,0.8880093097686768,0.5303453803062439,-1.0012197494506836,0.9996489882469177,0.8628310561180115,0.5259153842926025,-1.0501837730407715,0.9996598362922668,0.9283358454704285,0.5191841125488281,-0.6307905316352844,0.9999387264251709,0.667111337184906,0.47285526990890503,-0.8035183548927307,0.9991816878318787,0.8376784920692444,0.5824880003929138,-0.24764969944953918,0.8623954057693481,0.45856621861457825,0.48292890191078186,-0.4632877707481384,0.9844553470611572,0.7967981100082397,0.6498814225196838,-0.048268649727106094,0.91929692029953,0.3109835386276245,0.5405827164649963,-0.0798850879073143,0.9448744654655457,0.8001671433448792,0.6774196028709412,0.0022648253943771124,0.8907842040061951,0.26473289728164673,0.5603682398796082,-0.011166205629706383,0.8950134515762329,0.8061141967773438,0.6763092279434204,-0.06418755650520325,0.9045271277427673,0.28707191348075867,0.5737962126731873,-0.05148493871092796,0.8993238210678101,0.7970500588417053,0.6647561192512512,-0.061178870499134064,0.8933613896369934,0.3056472837924957,0.5693569779396057,-0.07902342826128006,0.8806151747703552,0.6704710721969604,0.6388206481933594,0.06690806150436401,0.996170699596405,0.5134074091911316,0.6315099000930786,-0.06684015691280365,0.9936463236808777,0.6789462566375732,0.8272189497947693,-0.07251469045877457,0.9045860171318054,0.47422847151756287,0.7915646433830261,-0.2569989860057831,0.9131401777267456,0.677267849445343,0.9227496385574341,0.2193460762500763,0.795786440372467,0.6363241076469421,0.8733342289924622,0.23702296614646912,0.8188701868057251,0.6720684766769409,0.929797351360321,0.25474661588668823,0.6717252731323242,0.6731049418449402,0.8760045170783997,0.3070671260356903,0.7367465496063232,0.6684882640838623,0.9753950238227844,0.24959708750247955,0.7766333818435669,0.6564041972160339,0.9334298372268677,0.3942572772502899,0.8055018782615662
169,0.8849909901618958,0.5476041436195374,-1.1875337362289429,0.999049723148346,0.9010259509086609,0.5330370664596558,-1.17532479763031,0.9989205002784729,0.9051331877708435,0.5326812267303467,-1.1754196882247925,0.9987083673477173,0.910480797290802,0.531692385673523,-1.1758984327316284,0.9988687634468079,0.8775544762611389,0.5268389582633972,-1.2064961194992065,0.9988008141517639,0.8634829521179199,0.5218731760978699,-1.2067559957504272,0.9982167482376099,0.850768506526947,0.5166426301002502,-1.2068475484848022,0.9983451962471008,0.9067530632019043,0.5208761096000671,-0.9339865446090698,0.9985291361808777,0.8273537158966064,0.5019642114639282,-1.0547438859939575,0.9982516169548035,0.8778168559074402,0.5590025186538696,-1.0742263793945312,0.9994955062866211,0.8427863121032715,0.5514684319496155,-1.1128642559051514,0.9996054768562317,0.9147721529006958,0.5529201626777649,-0.6266006827354431,0.9999147057533264,0.6640963554382324,0.5024480223655701,-0.7713755369186401,0.9991902709007263,0.8181709051132202,0.6243611574172974,-0.3002670705318451,0.8126493692398071,0.4521484076976776,0.5139831304550171,-0.6400682926177979,0.9818310737609863,0.7720316052436829,0.6734364032745361,-0.17754240334033966,0.8684890866279602,0.3053620457649231,0.5820438861846924,-0.5133748650550842,0.9329743981361389,0.7723324298858643,0.6943145394325256,-0.15746700763702393,0.8438410758972168,0.2589073181152344,0.6029729843139648,-0.5066316723823547,0.8772251605987549,0.7745311260223389,0.6941048502922058,-0.21655452251434326,0.8596538305282593,0.2774287760257721,0.6165306568145752,-0.5498117208480835,0.8843623399734497,0.7633237242698669,0.6859627366065979,-0.19385197758674622,0.8490992784500122,0.29476696252822876,0.6123886704444885,-0.5230536460876465,0.8692390322685242,0.6669595837593079,0.6881334781646729,0.030758116394281387,0.9934960603713989,0.5207506418228149,0.6628261208534241,-0.030865874141454697,0.9886314272880554,0.67439866065979,0.8648310303688049,-0.15833108127117157,0.8984711170196533,0.48356565833091736,0.8091791272163391,-0.2524230480194092,0.8797523975372314,0.6508986949920654,1.0068085193634033,0.10006221383810043,0.7900620698928833,0.6160844564437866,0.9592002630233765,0.08207506686449051,0.7620395421981812,0.6441017985343933,1.02366304397583,0.11776691675186157,0.6515946388244629,0.6397123336791992,0.9700099229812622,0.1204022467136383,0.6894958019256592,0.6349208950996399,1.0602542161941528,-0.07489563524723053,0.754768431186676,0.62095046043396,1.0321074724197388,-0.02076588198542595,0.7511109709739685
170,0.8809623122215271,0.5828115940093994,-0.9526712894439697,0.9989451766014099,0.89634770154953,0.5637609958648682,-0.9365949034690857,0.998923659324646,0.9005375504493713,0.5624409317970276,-0.9366240501403809,0.9987137913703918,0.9057319164276123,0.5606219172477722,-0.9371426701545715,0.9988774657249451,0.8745953440666199,0.5614483952522278,-0.996307373046875,0.9988322854042053,0.8613809943199158,0.5584364533424377,-0.9966356158256531,0.9982658624649048,0.8482059240341187,0.554952085018158,-0.9967390298843384,0.9984025955200195,0.8980506658554077,0.5512124300003052,-0.7201026678085327,0.9986034631729126,0.8207870721817017,0.5437237024307251,-0.9860482811927795,0.9983945488929749,0.8726616501808167,0.5941855907440186,-0.8527505993843079,0.9994680881500244,0.8409268260002136,0.5921064615249634,-0.9307956099510193,0.9996080994606018,0.875795304775238,0.5995359420776367,-0.44417908787727356,0.9998282790184021,0.6482349038124084,0.5543223023414612,-0.8036246299743652,0.9991021752357483,0.8044693470001221,0.6643677949905396,-0.154727965593338,0.7678009867668152,0.45034903287887573,0.571017324924469,-0.5891767144203186,0.9797252416610718,0.7844274044036865,0.6766176819801331,0.05320056900382042,0.8073402047157288,0.2991638779640198,0.6393561959266663,-0.14538387954235077,0.8956588506698608,0.7864232659339905,0.6861119866371155,0.10401717573404312,0.7794341444969177,0.25394487380981445,0.6613845825195312,-0.08316277712583542,0.8300038576126099,0.7908533811569214,0.68387371301651,0.11283369362354279,0.793867826461792,0.2749249041080475,0.6777974367141724,-0.08666966110467911,0.8384616374969482,0.7742522358894348,0.685237467288971,0.06529954075813293,0.7828069925308228,0.2941211462020874,0.6726557016372681,-0.1300509124994278,0.8259454369544983,0.6193448305130005,0.7395046353340149,0.10044693201780319,0.990969717502594,0.4770094156265259,0.7272825837135315,-0.10030466318130493,0.9862935543060303,0.692162036895752,0.9184059500694275,-0.009391422383487225,0.8691239953041077,0.5210164189338684,0.860876739025116,-0.2767788767814636,0.8567659258842468,0.6082033514976501,1.025922179222107,0.1495918333530426,0.7482627630233765,0.6102089285850525,0.9961768984794617,0.08482901751995087,0.7067639827728271,0.5779195427894592,1.0297859907150269,0.16463133692741394,0.6230870485305786,0.6117470860481262,1.0041718482971191,0.1308823972940445,0.6467753648757935,0.5847919583320618,1.0994142293930054,0.08856348693370819,0.7135468125343323,0.6519181728363037,1.0730230808258057,0.11261966824531555,0.697448194026947
171,0.8781601190567017,0.6165204644203186,-1.1024932861328125,0.9967005848884583,0.8951785564422607,0.5956384539604187,-1.085789680480957,0.9966649413108826,0.899063766002655,0.5921017527580261,-1.0858938694000244,0.9959638714790344,0.9049696922302246,0.5901545882225037,-1.0863820314407349,0.9965251088142395,0.8729550838470459,0.5967021584510803,-1.1182783842086792,0.9980061054229736,0.8603559732437134,0.595487654209137,-1.1183193922042847,0.9973490834236145,0.84532630443573,0.5952264070510864,-1.1179856061935425,0.9976438879966736,0.8835785984992981,0.5858649611473083,-0.8392356634140015,0.9962320923805237,0.800656795501709,0.5887266397476196,-1.0997200012207031,0.9979569315910339,0.8697593808174133,0.6300674676895142,-0.988199770450592,0.9978257417678833,0.8394902944564819,0.6321882605552673,-1.004134178161621,0.9991179704666138,0.8759355545043945,0.646924614906311,-0.5376726388931274,0.9992987513542175,0.6067238450050354,0.6138065457344055,-0.9327188730239868,0.9988967180252075,0.8049404621124268,0.7046135663986206,-0.27663248777389526,0.7186946868896484,0.4191884398460388,0.6520196795463562,-0.6369153261184692,0.9795862436294556,0.7843251824378967,0.7371127605438232,-0.12914757430553436,0.7607724070549011,0.2813950777053833,0.7310667634010315,-0.44426828622817993,0.8862226009368896,0.7838333249092102,0.746135413646698,-0.09989076107740402,0.731105387210846,0.23970650136470795,0.7650009989738464,-0.41439324617385864,0.8109591007232666,0.7854453921318054,0.7438833117485046,-0.10588144510984421,0.7465655207633972,0.2632230520248413,0.7837944626808167,-0.42553839087486267,0.8210409283638,0.7694153189659119,0.7418341040611267,-0.12466374039649963,0.7339773774147034,0.28540802001953125,0.7735392451286316,-0.4370540380477905,0.8098158240318298,0.6232616901397705,0.7923084497451782,0.11675732582807541,0.9840452671051025,0.4706840515136719,0.7782086730003357,-0.11675494909286499,0.9844359755516052,0.7064768075942993,0.9284392595291138,0.2240697592496872,0.8035572171211243,0.5196003913879395,0.9055095911026001,-0.128658264875412,0.8141320943832397,0.5762344598770142,0.9328609108924866,0.7330249547958374,0.6798405647277832,0.5509185194969177,0.9520609974861145,0.42342066764831543,0.6466241478919983,0.5584672093391418,0.9325966238975525,0.78847336769104,0.5683348774909973,0.5450382232666016,0.9460225701332092,0.48899045586586,0.5934564471244812,0.5210113525390625,0.9899964928627014,0.8371697068214417,0.6494688391685486,0.5594260692596436,1.0203547477722168,0.497244268655777,0.6389399766921997
172,0.8602403998374939,0.6815282106399536,-1.3849886655807495,0.9960655570030212,0.8756846785545349,0.6550921201705933,-1.3684873580932617,0.9946930408477783,0.8802179098129272,0.6541976928710938,-1.3684436082839966,0.9939526915550232,0.8863536715507507,0.6528902649879456,-1.3687580823898315,0.9942339658737183,0.847664475440979,0.6545265913009644,-1.4165529012680054,0.997410237789154,0.8333646655082703,0.6514679193496704,-1.417145848274231,0.9969382286071777,0.8199104070663452,0.6491072177886963,-1.4177178144454956,0.9972349405288696,0.8656643033027649,0.6467925906181335,-1.1096552610397339,0.9951520562171936,0.7779569625854492,0.6447726488113403,-1.3312429189682007,0.9978726506233215,0.848654568195343,0.6993829607963562,-1.2683210372924805,0.9969335198402405,0.8147202134132385,0.695193350315094,-1.3282023668289185,0.9988049268722534,0.8732958436012268,0.7072676420211792,-0.7562687397003174,0.9991388320922852,0.569110095500946,0.6973474621772766,-1.127907633781433,0.9989221096038818,0.8137125372886658,0.7769441604614258,-0.3186059594154358,0.6870772838592529,0.37844976782798767,0.7603124976158142,-0.9083039164543152,0.9803082346916199,0.7752237319946289,0.7791845798492432,-0.13378216326236725,0.7357742786407471,0.2863248586654663,0.8679951429367065,-0.6269378662109375,0.8861182928085327,0.7643088698387146,0.7790948748588562,-0.11052753776311874,0.6947547793388367,0.24718071520328522,0.8989449739456177,-0.6248250603675842,0.8064433932304382,0.7664846777915955,0.7785831689834595,-0.08809806406497955,0.707755982875824,0.27301639318466187,0.905927300453186,-0.6246396899223328,0.8156934380531311,0.7549962401390076,0.7786952257156372,-0.1183028295636177,0.6949052214622498,0.29260265827178955,0.8943573832511902,-0.6241927146911621,0.8048136830329895,0.5919184684753418,0.8798111081123352,0.1281481236219406,0.9781855940818787,0.42015543580055237,0.8666887879371643,-0.12772399187088013,0.9831032752990723,0.6526907086372375,0.9725067615509033,0.6655259728431702,0.7378503680229187,0.3956368863582611,0.9710065126419067,0.38273897767066956,0.7942090034484863,0.5048763155937195,0.9717533588409424,1.515352725982666,0.617358386516571,0.2878967523574829,0.9835103154182434,1.1143831014633179,0.6187905073165894,0.4790617823600769,0.9625682234764099,1.6024035215377808,0.5167953968048096,0.2665249705314636,0.9682167172431946,1.192939043045044,0.5564639568328857,0.48644188046455383,1.0248723030090332,1.5827035903930664,0.6015780568122864,0.2796211242675781,1.0536054372787476,1.0567736625671387,0.6135931015014648
173,0.8089095950126648,0.7398840188980103,-1.4021505117416382,0.9874011874198914,0.8217057585716248,0.719101071357727,-1.3917101621627808,0.9784032106399536,0.8356903791427612,0.7132185697555542,-1.3918358087539673,0.9800528883934021,0.8487895727157593,0.7148492336273193,-1.3920998573303223,0.9790488481521606,0.7885138392448425,0.7156294584274292,-1.4306771755218506,0.988376796245575,0.7751994729042053,0.7192503809928894,-1.4312320947647095,0.9893553256988525,0.7617964148521423,0.7162827253341675,-1.4318193197250366,0.9886022210121155,0.8411588072776794,0.7142269015312195,-1.1459702253341675,0.9851948618888855,0.7346535325050354,0.7148669362068176,-1.3140655755996704,0.991783857345581,0.8050243854522705,0.7598644495010376,-1.289615511894226,0.9884735941886902,0.7661322951316833,0.7591057419776917,-1.3379511833190918,0.9939702749252319,0.8733764886856079,0.7835902571678162,-0.8426491618156433,0.9984853863716125,0.5345572233200073,0.7813281416893005,-1.1041498184204102,0.9986522197723389,0.8133488893508911,0.9084327220916748,-0.6010704636573792,0.647156834602356,0.35008978843688965,0.89406418800354,-1.0306655168533325,0.9740521907806396,0.7727538347244263,0.9379876255989075,-0.5816131830215454,0.7092894315719604,0.2843919098377228,1.0071333646774292,-1.008812665939331,0.8657113313674927,0.7672935128211975,0.9408305883407593,-0.6002228260040283,0.6607665419578552,0.24936938285827637,1.0379678010940552,-1.0589042901992798,0.7840589284896851,0.7688352465629578,0.93809974193573,-0.6014758348464966,0.6725165843963623,0.2765081822872162,1.0337167978286743,-1.0976141691207886,0.7925803661346436,0.7564143538475037,0.9359626770019531,-0.5816447734832764,0.6619203686714172,0.3011111915111542,1.024754285812378,-1.0283501148223877,0.7828099727630615,0.5969971418380737,0.97564697265625,0.12279468029737473,0.9623569250106812,0.42787888646125793,0.9562426209449768,-0.1218184307217598,0.9782249927520752,0.571441113948822,1.0685521364212036,0.7647831439971924,0.6675688624382019,0.39042380452156067,1.0604678392410278,0.5421813130378723,0.7484950423240662,0.4773273468017578,1.1335307359695435,1.560846209526062,0.5578691959381104,0.3157132863998413,1.1372982263565063,1.2693612575531006,0.5737568736076355,0.45693594217300415,1.133149266242981,1.6369949579238892,0.46729281544685364,0.3033556342124939,1.1336654424667358,1.3419197797775269,0.5089475512504578,0.4602966904640198,1.1927281618118286,1.50794517993927,0.5532922744750977,0.311262845993042,1.2107577323913574,1.139811396598816,0.5704243779182434
174,0.8215571045875549,0.8238529562950134,-1.4457602500915527,0.9872922301292419,0.8229432106018066,0.782431960105896,-1.4272264242172241,0.977702260017395,0.8446763753890991,0.778187096118927,-1.427145004272461,0.9794280529022217,0.8532074689865112,0.7767103314399719,-1.4273909330368042,0.9782874584197998,0.7881417870521545,0.787896990776062,-1.50083327293396,0.9884997010231018,0.7718204259872437,0.7893192768096924,-1.5013811588287354,0.9896001219749451,0.7554278373718262,0.790381133556366,-1.502137303352356,0.9886800646781921,0.8343070149421692,0.7807833552360535,-1.1654201745986938,0.9844232201576233,0.7284520268440247,0.7995802164077759,-1.484605073928833,0.9918819665908813,0.8160212635993958,0.8401753306388855,-1.3255398273468018,0.9878110289573669,0.7769508361816406,0.8522717952728271,-1.417959213256836,0.9938486218452454,0.859636127948761,0.8679600954055786,-0.7926254272460938,0.997454047203064,0.5015855431556702,0.8704604506492615,-1.2759758234024048,0.9981416463851929,0.8096730709075928,0.963492751121521,-0.22549422085285187,0.6034126281738281,0.3704826831817627,1.0038598775863647,-1.1088553667068481,0.9512302279472351,0.7718661427497864,1.0509824752807617,0.13518516719341278,0.6617273092269897,0.3441937267780304,1.1199268102645874,-0.9080401062965393,0.808973491191864,0.7762046456336975,1.0713789463043213,0.19051992893218994,0.6118782162666321,0.32903969287872314,1.1546237468719482,-0.9340746998786926,0.730515718460083,0.7691813707351685,1.0838996171951294,0.1329682469367981,0.6235952973365784,0.3557858467102051,1.1465442180633545,-0.9877936244010925,0.7399330139160156,0.7573002576828003,1.0783708095550537,0.12026180326938629,0.6175128221511841,0.37201547622680664,1.1304097175598145,-0.9254615306854248,0.730890691280365,0.6031097173690796,1.0747097730636597,0.11746574193239212,0.8807117938995361,0.41150715947151184,1.061211347579956,-0.11655465513467789,0.9015644192695618,0.5079288482666016,1.2573554515838623,0.6399996876716614,0.6031965017318726,0.3371335566043854,1.2468910217285156,0.3333614766597748,0.6835304498672485,0.3953492045402527,1.4152406454086304,1.4130617380142212,0.5025601387023926,0.21000516414642334,1.3848156929016113,0.9621457457542419,0.5184075236320496,0.36414390802383423,1.4351733922958374,1.4782893657684326,0.42080268263816833,0.17594671249389648,1.4007400274276733,1.0216307640075684,0.4597757160663605,0.40549683570861816,1.4768975973129272,1.2344690561294556,0.5056172609329224,0.2605399787425995,1.450851559638977,0.6929849982261658,0.5188450813293457
175,0.7230132222175598,0.9481788873672485,-1.0046721696853638,0.9872574806213379,0.7421813011169434,0.9308392405509949,-1.0441486835479736,0.9771426916122437,0.7556514143943787,0.928434431552887,-1.0440480709075928,0.9789642095565796,0.7685343623161316,0.9247277975082397,-1.0445747375488281,0.9781121611595154,0.7081388831138611,0.9251606464385986,-1.0522068738937378,0.9876302480697632,0.6968954205513,0.9200156927108765,-1.0520495176315308,0.9886227250099182,0.6850870847702026,0.9143608212471008,-1.0522925853729248,0.9875180721282959,0.7913586497306824,0.8932515382766724,-0.9272096753120422,0.9848495125770569,0.672977089881897,0.891952633857727,-0.9291347861289978,0.9916128516197205,0.7338446974754333,0.9525225162506104,-0.9246841073036194,0.9885650873184204,0.6999900937080383,0.9490346312522888,-0.9275953769683838,0.9940356612205505,0.8653866052627563,0.9352767467498779,-0.6794512271881104,0.9976778626441956,0.5190772414207458,0.9136200547218323,-0.6423442959785461,0.998246967792511,0.8777877688407898,1.0027732849121094,-0.2805439829826355,0.5913484692573547,0.3721212148666382,1.032336711883545,-0.43420565128326416,0.8756199479103088,0.8188578486442566,1.145729899406433,-0.026369253173470497,0.599177896976471,0.3502483367919922,1.1412285566329956,-0.3668668866157532,0.7291628122329712,0.8176711201667786,1.1730515956878662,0.004649728536605835,0.5533142685890198,0.3266286849975586,1.1718698740005493,-0.3475845158100128,0.6584186553955078,0.8019990921020508,1.1741259098052979,-0.026399662718176842,0.5647093653678894,0.3530074656009674,1.1704223155975342,-0.4070332646369934,0.6671101450920105,0.7905126214027405,1.164036512374878,-0.03241769224405289,0.5596715807914734,0.3670603632926941,1.1597464084625244,-0.38991066813468933,0.6592075228691101,0.6841987371444702,1.1482821702957153,-0.010122270323336124,0.7992228269577026,0.440258264541626,1.1177268028259277,0.011374329216778278,0.8169965147972107,0.5689746141433716,1.3520514965057373,0.27384254336357117,0.5435895919799805,0.3828418552875519,1.328053593635559,0.2015785127878189,0.6158499121665955,0.45474663376808167,1.5357660055160522,0.8264178037643433,0.45237472653388977,0.28481432795524597,1.5084681510925293,0.6189219355583191,0.46667519211769104,0.41750380396842957,1.55851149559021,0.8708726167678833,0.3787636160850525,0.27150800824165344,1.5326305627822876,0.6561360955238342,0.4139535129070282,0.4278034567832947,1.5947669744491577,0.8757027983665466,0.4551986753940582,0.28541436791419983,1.5698341131210327,0.4171281158924103,0.4671071171760559
176,0.7110106945037842,0.9702255725860596,-0.8338085412979126,0.9808977842330933,0.7395527958869934,0.9517820477485657,-0.8609421849250793,0.9647228717803955,0.7528034448623657,0.9530108571052551,-0.8608717322349548,0.9665411710739136,0.7657619714736938,0.9543634653091431,-0.8611840605735779,0.9671326875686646,0.7036119699478149,0.9454482197761536,-0.8580690026283264,0.9774951934814453,0.691530704498291,0.9422733187675476,-0.8578092455863953,0.9773642420768738,0.6794779300689697,0.9391340613365173,-0.8582482933998108,0.9765222072601318,0.765030562877655,0.9441807270050049,-0.7342673540115356,0.9750955700874329,0.6632959246635437,0.9283165335655212,-0.6990780830383301,0.9844008684158325,0.7252069115638733,0.9808253645896912,-0.7596965432167053,0.9850806593894958,0.6834542155265808,0.9736558794975281,-0.7514863014221191,0.9907150864601135,0.847582221031189,0.9699892401695251,-0.5112062692642212,0.9977443814277649,0.5407893061637878,0.9515063166618347,-0.4355286955833435,0.9982593655586243,0.8943889141082764,1.10993230342865,-0.359355092048645,0.5671247243881226,0.4328557252883911,1.066076397895813,-0.2728465795516968,0.8154832720756531,0.8261135816574097,1.1283767223358154,-0.40590640902519226,0.5488297939300537,0.41789188981056213,1.1448808908462524,-0.3078373968601227,0.6676312685012817,0.8214160799980164,1.137934923171997,-0.43557488918304443,0.507266104221344,0.3931175470352173,1.1663097143173218,-0.31699368357658386,0.6030287742614746,0.807708740234375,1.126846194267273,-0.4215658903121948,0.5199707746505737,0.4075521230697632,1.1636959314346313,-0.36691537499427795,0.6136195659637451,0.7979834079742432,1.1229439973831177,-0.40380460023880005,0.5165253281593323,0.42722129821777344,1.1576154232025146,-0.3301471769809723,0.6090205907821655,0.6938436031341553,1.1822575330734253,-0.03676548972725868,0.7203225493431091,0.46466660499572754,1.152736783027649,0.03878939896821976,0.7365631461143494,0.590155839920044,1.395194411277771,0.12726084887981415,0.48934900760650635,0.4064435362815857,1.3667362928390503,0.11019717901945114,0.5543356537818909,0.4628885090351105,1.5909459590911865,0.7052123546600342,0.40714728832244873,0.32926568388938904,1.5589449405670166,0.5519521832466125,0.4200133681297302,0.4513356685638428,1.6138709783554077,0.7259516716003418,0.34089550375938416,0.31698745489120483,1.58357572555542,0.5679633617401123,0.3725724518299103,0.4482179284095764,1.650802493095398,0.3126777708530426,0.4096962511539459,0.3266313970088959,1.6179410219192505,0.06818007677793503,0.4204111695289612
